# 双臂GMO外力矩与触觉传感器标定对比实验数据 (v2)
# 时间: 2026-09-03 11:02:02
# 左臂目标: [0.0, 0.0, 0.0, 1.57, 0.0, 0.0, 0.0]
# 右臂目标: [0.0, 0.0, 0.0, 1.57, 0.0, 0.0, 0.0]
# 运动/保持: 10.0s / 10.0s
# GMO增益: 5.0
# 列: time phase left_q(7) right_q(7) left_r(7) right_r(7) left_F(3) right_F(3) left_nf1(5) right_nf1(5) left_tangential(5) right_tangential(5) left_n_sum right_n_sum left_t_sum right_t_sum
#================================================================================
0.004295 0.000000 0.063624 0.097671 0.951500 1.384406 -0.316324 0.099793 -0.022866 0.045504 0.015603 -0.163189 1.219599 0.235550 0.089378 -0.116978 0.017970 0.016999 0.000067 0.005217 0.001598 0.000448 0.001445 -0.018930 -0.020105 -0.003631 -0.018305 0.002404 -0.006022 -0.002243 -0.041362 -0.135410 0.890801 0.010978 -0.038504 0.281436 0.000000 0.000000 0.000000 0.000000 0.000000 0.000000 0.000000 0.000000 0.000000 57.000000 0.000000 0.000000 0.000000 0.000000 0.000000 0.000000 0.000000 0.000000 0.000000 50.000000 0.000000 57.000000 0.000000 50.000000
0.073640 0.000000 0.063600 0.097719 0.951464 1.384358 -0.316372 0.099781 -0.022866 0.045504 0.015615 -0.163153 1.219587 0.235598 0.089366 -0.116978 0.058929 0.563501 0.001261 -0.127330 0.021784 -0.052775 0.013127 -0.257378 -0.060711 -0.041902 -0.224267 0.040934 -0.074661 -0.018527 -0.106911 -1.876648 16.550095 0.113978 -0.005951 3.936572 0.000000 0.000000 0.000000 0.000000 0.000000 0.000000 0.000000 0.000000 0.000000 57.000000 0.000000 0.000000 0.000000 0.000000 0.000000 0.000000 0.000000 0.000000 0.000000 49.000000 0.000000 57.000000 0.000000 49.000000
0.106064 0.000000 0.063624 0.097743 0.951500 1.384346 -0.316372 0.099769 -0.022878 0.045492 0.015615 -0.163153 1.219587 0.235562 0.089366 -0.116990 0.091934 0.694418 -0.008682 -0.141542 0.028274 -0.060817 0.015624 -0.348001 -0.081898 -0.043683 -0.296194 0.042219 -0.098977 -0.021198 -0.171017 -2.631648 22.005608 0.196821 -0.015651 5.003576 0.000000 0.000000 0.000000 0.000000 0.000000 0.000000 0.000000 0.000000 0.000000 57.000000 0.000000 0.000000 0.000000 0.000000 0.000000 0.000000 0.000000 0.000000 0.000000 49.000000 0.000000 57.000000 0.000000 49.000000
0.155521 0.000000 0.063600 0.097731 0.951524 1.384406 -0.316372 0.099781 -0.022878 0.045480 0.015591 -0.163165 1.219587 0.235610 0.089366 -0.116978 0.101741 0.860489 -0.023624 -0.168178 0.036191 -0.073300 0.019132 -0.435486 -0.131276 -0.048160 -0.383005 0.059602 -0.128520 -0.028971 -0.181955 -3.462950 28.273041 0.185429 -0.064206 6.743904 0.000000 0.000000 0.000000 0.000000 0.000000 0.000000 0.000000 0.000000 0.000000 57.000000 0.000000 0.000000 0.000000 0.000000 0.000000 0.000000 0.000000 0.000000 0.000000 49.000000 0.000000 57.000000 0.000000 49.000000
0.204194 0.000000 0.063600 0.097695 0.951524 1.384394 -0.316360 0.099769 -0.022878 0.045540 0.015591 -0.163153 1.219587 0.235574 0.089366 -0.116990 0.154458 1.014390 -0.015424 -0.192138 0.042308 -0.086042 0.022368 -0.530536 -0.154702 -0.066540 -0.469603 0.056979 -0.153125 -0.034896 -0.295095 -4.060735 33.247869 0.212005 -0.064991 8.318383 0.000000 0.000000 0.000000 0.000000 0.000000 0.000000 0.000000 0.000000 0.000000 57.000000 0.000000 0.000000 0.000000 0.000000 0.000000 0.000000 0.000000 0.000000 0.000000 49.000000 0.000000 57.000000 0.000000 49.000000
0.243896 0.000000 0.063600 0.097695 0.951500 1.384442 -0.316384 0.099769 -0.022878 0.045492 0.015603 -0.163153 1.219587 0.235562 0.089354 -0.116978 0.146049 1.100187 -0.013049 -0.223699 0.045810 -0.097159 0.021613 -0.558278 -0.163742 -0.077403 -0.514450 0.055497 -0.165241 -0.038329 -0.268194 -4.268852 35.403674 0.094477 -0.031857 9.724018 0.000000 0.000000 0.000000 0.000000 0.000000 0.000000 0.000000 0.000000 0.000000 57.000000 0.000000 0.000000 0.000000 0.000000 0.000000 0.000000 0.000000 0.000000 0.000000 49.000000 0.000000 57.000000 0.000000 49.000000
0.294759 0.000000 0.063624 0.097707 0.951524 1.384478 -0.316348 0.099769 -0.022866 0.045480 0.015591 -0.163165 1.219587 0.235574 0.089366 -0.116978 0.175072 1.206925 -0.006843 -0.236441 0.049901 -0.102195 0.024784 -0.565038 -0.161435 -0.072168 -0.532527 0.070512 -0.175557 -0.041890 -0.327511 -4.822042 39.546082 -0.000703 0.012214 10.566747 0.000000 0.000000 0.000000 0.000000 0.000000 0.000000 0.000000 0.000000 0.000000 57.000000 0.000000 0.000000 0.000000 0.000000 0.000000 0.000000 0.000000 0.000000 0.000000 49.000000 0.000000 57.000000 0.000000 49.000000
0.332281 0.000000 0.063600 0.097707 0.951500 1.384478 -0.316348 0.099769 -0.022866 0.045456 0.015591 -0.163141 1.219575 0.235610 0.089378 -0.116978 0.182307 1.270134 -0.017067 -0.245847 0.051907 -0.113078 0.024457 -0.610677 -0.153172 -0.066434 -0.560371 0.090257 -0.184667 -0.041572 -0.343101 -4.993219 41.178820 0.078565 0.043610 10.804235 0.000000 0.000000 0.000000 0.000000 0.000000 0.000000 0.000000 0.000000 0.000000 57.000000 0.000000 0.000000 0.000000 0.000000 0.000000 0.000000 0.000000 0.000000 0.000000 50.000000 0.000000 57.000000 0.000000 50.000000
0.387775 0.000000 0.063624 0.097695 0.951524 1.384418 -0.316372 0.099757 -0.022866 0.045480 0.015579 -0.163165 1.219587 0.235598 0.089366 -0.116966 0.180615 1.343059 -0.010551 -0.280145 0.054206 -0.123846 0.024741 -0.640538 -0.174650 -0.065271 -0.605845 0.113470 -0.196245 -0.044626 -0.333593 -5.007039 42.191785 -0.020400 0.050414 12.125118 0.000000 0.000000 0.000000 0.000000 0.000000 0.000000 0.000000 0.000000 0.000000 57.000000 0.000000 0.000000 0.000000 0.000000 0.000000 0.000000 0.000000 0.000000 0.000000 50.000000 0.000000 57.000000 0.000000 50.000000
0.462183 0.000000 0.063624 0.097683 0.951524 1.384418 -0.316372 0.099769 -0.022866 0.045504 0.015591 -0.163141 1.219587 0.235598 0.089366 -0.116990 0.197101 1.348389 -0.006549 -0.281760 0.056827 -0.121501 0.025494 -0.648532 -0.180927 -0.063157 -0.612104 0.136606 -0.200721 -0.048141 -0.367970 -5.084435 42.684748 -0.015082 0.040936 12.236779 0.000000 0.000000 0.000000 0.000000 0.000000 0.000000 0.000000 0.000000 0.000000 57.000000 0.000000 0.000000 0.000000 0.000000 0.000000 0.000000 0.000000 0.000000 0.000000 49.000000 0.000000 57.000000 0.000000 49.000000
0.544661 0.000000 0.063600 0.097659 0.951512 1.384394 -0.316384 0.099769 -0.022878 0.045492 0.015615 -0.163117 1.219575 0.235574 0.089366 -0.116978 0.186778 1.457805 -0.001257 -0.318192 0.058510 -0.133719 0.030869 -0.745344 -0.183282 -0.058168 -0.673047 0.126230 -0.214774 -0.046970 -0.345731 -5.176254 44.503804 0.170585 0.049721 12.622694 0.000000 0.000000 0.000000 0.000000 0.000000 0.000000 0.000000 0.000000 0.000000 57.000000 0.000000 0.000000 0.000000 0.000000 0.000000 0.000000 0.000000 0.000000 0.000000 49.000000 0.000000 57.000000 0.000000 49.000000
0.620631 0.000000 0.063600 0.097719 0.951536 1.384442 -0.316348 0.099769 -0.022890 0.045516 0.015615 -0.163177 1.219575 0.235574 0.089366 -0.116978 0.183951 1.484874 0.000250 -0.326561 0.059405 -0.148063 0.028504 -0.674140 -0.187675 -0.060491 -0.638083 0.145223 -0.207166 -0.050819 -0.345910 -4.896352 43.376447 -0.027849 0.049849 12.810357 0.000000 0.000000 0.000000 0.000000 0.000000 0.000000 0.000000 0.000000 0.000000 57.000000 0.000000 0.000000 0.000000 0.000000 0.000000 0.000000 0.000000 0.000000 0.000000 49.000000 0.000000 57.000000 0.000000 49.000000
0.673681 0.000000 0.063624 0.097695 0.951559 1.384430 -0.316360 0.099781 -0.022878 0.045480 0.015591 -0.163105 1.219587 0.235598 0.089366 -0.116978 0.194882 1.469170 -0.015559 -0.321125 0.059916 -0.138290 0.028534 -0.705428 -0.184732 -0.057935 -0.666467 0.136465 -0.216382 -0.045968 -0.355345 -5.283800 45.205909 -0.028462 0.082763 13.398685 0.000000 0.000000 0.000000 0.000000 0.000000 0.000000 0.000000 0.000000 0.000000 57.000000 0.000000 0.000000 0.000000 0.000000 0.000000 0.000000 0.000000 0.000000 0.000000 49.000000 0.000000 57.000000 0.000000 49.000000
0.776231 0.000000 0.063600 0.097695 0.951548 1.384418 -0.316348 0.099781 -0.022866 0.045504 0.015591 -0.163189 1.219587 0.235574 0.089366 -0.116978 0.234258 1.458741 -0.005185 -0.290535 0.060339 -0.136326 0.028023 -0.701459 -0.199436 -0.059356 -0.655174 0.155984 -0.223277 -0.043221 -0.456997 -5.341768 45.319424 0.025599 0.027572 12.940673 0.000000 0.000000 0.000000 0.000000 0.000000 0.000000 0.000000 0.000000 0.000000 57.000000 0.000000 0.000000 0.000000 0.000000 0.000000 0.000000 0.000000 0.000000 0.000000 49.000000 0.000000 57.000000 0.000000 49.000000
0.864970 0.000000 0.063600 0.097755 0.951488 1.384430 -0.316348 0.099769 -0.022878 0.045480 0.015615 -0.163129 1.219587 0.235610 0.089354 -0.116990 0.208624 1.491648 -0.002147 -0.284620 0.060696 -0.137316 0.032010 -0.687680 -0.186613 -0.057724 -0.642138 0.136994 -0.216932 -0.041153 -0.410712 -5.423783 46.031514 0.020319 0.048879 12.713093 0.000000 0.000000 0.000000 0.000000 0.000000 0.000000 0.000000 0.000000 0.000000 57.000000 0.000000 0.000000 0.000000 0.000000 0.000000 0.000000 0.000000 0.000000 0.000000 49.000000 0.000000 57.000000 0.000000 49.000000
0.947094 0.000000 0.063612 0.097695 0.951500 1.384418 -0.316348 0.099769 -0.022890 0.045528 0.015591 -0.163105 1.219587 0.235574 0.089354 -0.116978 0.203929 1.471362 -0.000179 -0.275730 0.060658 -0.130621 0.028723 -0.722232 -0.197982 -0.084458 -0.672365 0.126716 -0.218730 -0.040539 -0.395285 -5.644302 46.927744 0.065777 0.022235 13.020248 0.000000 0.000000 0.000000 0.000000 0.000000 0.000000 0.000000 0.000000 0.000000 57.000000 0.000000 0.000000 0.000000 0.000000 0.000000 0.000000 0.000000 0.000000 0.000000 50.000000 0.000000 57.000000 0.000000 50.000000
1.007942 0.000000 0.063600 0.097731 0.951500 1.384442 -0.316360 0.099781 -0.022878 0.045480 0.015591 -0.163153 1.219587 0.235550 0.089366 -0.116978 0.188528 1.476014 0.000434 -0.300113 0.060645 -0.140632 0.027279 -0.729212 -0.187564 -0.093300 -0.687693 0.103375 -0.219208 -0.038608 -0.359508 -5.249808 45.009813 0.007482 0.067058 13.579899 0.000000 0.000000 0.000000 0.000000 0.000000 0.000000 0.000000 0.000000 0.000000 57.000000 0.000000 0.000000 0.000000 0.000000 0.000000 0.000000 0.000000 0.000000 0.000000 50.000000 0.000000 57.000000 0.000000 50.000000
1.081232 0.000000 0.063624 0.097683 0.951512 1.384370 -0.316360 0.099757 -0.022866 0.045492 0.015615 -0.163117 1.219587 0.235598 0.089366 -0.116978 0.208158 1.503334 -0.019441 -0.287415 0.060948 -0.134830 0.029200 -0.706660 -0.190742 -0.081031 -0.665029 0.129740 -0.215719 -0.048594 -0.395104 -5.826529 48.268427 0.003464 0.047302 13.180671 0.000000 0.000000 0.000000 0.000000 0.000000 0.000000 0.000000 0.000000 0.000000 57.000000 0.000000 0.000000 0.000000 0.000000 0.000000 0.000000 0.000000 0.000000 0.000000 49.000000 0.000000 57.000000 0.000000 49.000000
1.137750 0.000000 0.063624 0.097683 0.951488 1.384418 -0.316348 0.099781 -0.022866 0.045492 0.015579 -0.163177 1.219599 0.235574 0.089378 -0.116978 0.229547 1.483210 -0.012903 -0.296331 0.060975 -0.130615 0.028665 -0.705556 -0.182119 -0.072966 -0.658034 0.107353 -0.214957 -0.044925 -0.433451 -5.795275 47.963198 0.030650 0.061572 12.953282 0.000000 0.000000 0.000000 0.000000 0.000000 0.000000 0.000000 0.000000 0.000000 57.000000 0.000000 0.000000 0.000000 0.000000 0.000000 0.000000 0.000000 0.000000 0.000000 48.000000 0.000000 57.000000 0.000000 48.000000
1.197675 0.000000 0.063600 0.097659 0.951524 1.384442 -0.316360 0.099781 -0.022890 0.045492 0.015591 -0.163177 1.219587 0.235598 0.089366 -0.116978 0.189419 1.468452 -0.010675 -0.291739 0.060672 -0.131896 0.024697 -0.711094 -0.190754 -0.068577 -0.677360 0.089905 -0.217685 -0.042872 -0.348808 -5.738060 47.445842 -0.051469 0.074629 13.687486 0.000000 0.000000 0.000000 0.000000 0.000000 0.000000 0.000000 0.000000 0.000000 57.000000 0.000000 0.000000 0.000000 0.000000 0.000000 0.000000 0.000000 0.000000 0.000000 48.000000 0.000000 57.000000 0.000000 48.000000
1.264169 0.000000 0.063624 0.097647 0.951571 1.384358 -0.316372 0.099781 -0.022878 0.045516 0.015591 -0.163141 1.219587 0.235598 0.089366 -0.116978 0.235852 1.470731 -0.003819 -0.301863 0.060889 -0.129354 0.027258 -0.706316 -0.186724 -0.064181 -0.664774 0.076675 -0.216501 -0.041198 -0.446634 -5.692289 47.326041 -0.006282 0.066869 13.257934 0.000000 0.000000 0.000000 0.000000 0.000000 0.000000 0.000000 0.000000 0.000000 57.000000 0.000000 0.000000 0.000000 0.000000 0.000000 0.000000 0.000000 0.000000 0.000000 49.000000 0.000000 57.000000 0.000000 49.000000
1.325637 0.000000 0.063600 0.097707 0.951500 1.384382 -0.316372 0.099757 -0.022866 0.045516 0.015591 -0.163177 1.219587 0.235574 0.089366 -0.116978 0.209946 1.465435 -0.022039 -0.313418 0.060893 -0.131926 0.026154 -0.716619 -0.186861 -0.062385 -0.655398 0.106996 -0.215526 -0.040690 -0.381539 -5.664802 47.121881 0.116644 0.035943 12.518759 0.000000 0.000000 0.000000 0.000000 0.000000 0.000000 0.000000 0.000000 0.000000 57.000000 0.000000 0.000000 0.000000 0.000000 0.000000 0.000000 0.000000 0.000000 0.000000 50.000000 0.000000 57.000000 0.000000 50.000000
1.411357 0.000000 0.063624 0.097707 0.951512 1.384394 -0.316384 0.099781 -0.022866 0.045492 0.015603 -0.163177 1.219587 0.235574 0.089342 -0.117014 0.192545 1.484814 -0.010709 -0.331483 0.060779 -0.137434 0.031296 -0.715951 -0.218084 -0.091674 -0.683914 0.108850 -0.212077 -0.047928 -0.350081 -5.268847 45.331134 -0.018503 -0.006830 13.538357 0.000000 0.000000 0.000000 0.000000 0.000000 0.000000 0.000000 0.000000 0.000000 57.000000 0.000000 0.000000 0.000000 0.000000 0.000000 0.000000 0.000000 0.000000 0.000000 50.000000 0.000000 57.000000 0.000000 50.000000
1.475159 0.000000 0.063624 0.097671 0.951500 1.384442 -0.316360 0.099757 -0.022878 0.045492 0.015579 -0.163165 1.219587 0.235598 0.089354 -0.116978 0.231323 1.506808 -0.004227 -0.311144 0.060924 -0.137947 0.035302 -0.692800 -0.208746 -0.081020 -0.661119 0.130201 -0.209024 -0.049144 -0.448197 -5.350253 45.974238 -0.027754 0.005886 13.171720 0.000000 0.000000 0.000000 0.000000 0.000000 0.000000 0.000000 0.000000 0.000000 57.000000 0.000000 0.000000 0.000000 0.000000 0.000000 0.000000 0.000000 0.000000 0.000000 49.000000 0.000000 57.000000 0.000000 49.000000
1.562078 0.000000 0.063600 0.097743 0.951488 1.384394 -0.316396 0.099757 -0.022878 0.045480 0.015591 -0.163177 1.219587 0.235598 0.089354 -0.116990 0.255811 1.497731 -0.000830 -0.284446 0.061007 -0.129306 0.031987 -0.724834 -0.176305 -0.038325 -0.692459 0.149748 -0.215762 -0.041018 -0.503665 -5.816387 48.197147 -0.081515 0.146953 14.159447 0.000000 0.000000 0.000000 0.000000 0.000000 0.000000 0.000000 0.000000 0.000000 57.000000 0.000000 0.000000 0.000000 0.000000 0.000000 0.000000 0.000000 0.000000 0.000000 49.000000 0.000000 57.000000 0.000000 49.000000
1.630019 0.000000 0.063600 0.097635 0.951488 1.384394 -0.316360 0.099769 -0.022878 0.045528 0.015591 -0.163177 1.219587 0.235598 0.089354 -0.116990 0.207399 1.484631 -0.001557 -0.307163 0.060817 -0.128112 0.027391 -0.714248 -0.184924 -0.045490 -0.695964 0.158321 -0.215574 -0.040525 -0.382845 -5.816229 48.117099 -0.152043 0.139789 14.511897 0.000000 0.000000 0.000000 0.000000 0.000000 0.000000 0.000000 0.000000 0.000000 57.000000 0.000000 0.000000 0.000000 0.000000 0.000000 0.000000 0.000000 0.000000 0.000000 49.000000 0.000000 57.000000 0.000000 49.000000
1.674461 0.000000 0.063600 0.097635 0.951559 1.384430 -0.316384 0.099781 -0.022878 0.045492 0.015591 -0.163129 1.219587 0.235574 0.089354 -0.116990 0.193384 1.490036 -0.000600 -0.319295 0.060678 -0.132344 0.026481 -0.676486 -0.187203 -0.063772 -0.668583 0.148432 -0.210126 -0.044579 -0.349324 -5.682872 47.522879 -0.196550 0.109955 14.141139 0.000000 0.000000 0.000000 0.000000 0.000000 0.000000 0.000000 0.000000 0.000000 57.000000 0.000000 0.000000 0.000000 0.000000 0.000000 0.000000 0.000000 0.000000 0.000000 49.000000 0.000000 57.000000 0.000000 49.000000
1.722471 0.000000 0.063624 0.097743 0.951488 1.384454 -0.316384 0.099769 -0.022890 0.045516 0.015591 -0.163165 1.219563 0.235598 0.089366 -0.116966 0.232824 1.489938 0.001548 -0.313057 0.061019 -0.130629 0.028348 -0.713771 -0.191562 -0.076186 -0.676779 0.154523 -0.216491 -0.044653 -0.436340 -5.721818 47.725865 -0.021774 0.064494 13.512952 0.000000 0.000000 0.000000 0.000000 0.000000 0.000000 0.000000 0.000000 0.000000 57.000000 0.000000 0.000000 0.000000 0.000000 0.000000 0.000000 0.000000 0.000000 0.000000 49.000000 0.000000 57.000000 0.000000 49.000000
1.758110 0.000000 0.063624 0.097695 0.951500 1.384454 -0.316396 0.099781 -0.022866 0.045492 0.015603 -0.163201 1.219575 0.235574 0.089366 -0.116990 0.215015 1.512459 0.001987 -0.337256 0.060889 -0.133045 0.027319 -0.699768 -0.183508 -0.072236 -0.664426 0.136100 -0.213879 -0.046056 -0.386427 -5.770435 48.319033 -0.039392 0.078779 13.375685 0.000000 0.000000 0.000000 0.000000 0.000000 0.000000 0.000000 0.000000 0.000000 57.000000 0.000000 0.000000 0.000000 0.000000 0.000000 0.000000 0.000000 0.000000 0.000000 49.000000 0.000000 57.000000 0.000000 49.000000
1.812598 0.000000 0.063600 0.097719 0.951500 1.384442 -0.316372 0.099781 -0.022878 0.045504 0.015603 -0.163165 1.219587 0.235574 0.089366 -0.117014 0.205304 1.479924 0.000942 -0.329346 0.060848 -0.127355 0.020807 -0.734274 -0.193983 -0.068686 -0.684367 0.146376 -0.217798 -0.047752 -0.358047 -5.983388 49.021411 0.046731 0.053860 13.368806 0.000000 0.000000 0.000000 0.000000 0.000000 0.000000 0.000000 0.000000 0.000000 57.000000 0.000000 0.000000 0.000000 0.000000 0.000000 0.000000 0.000000 0.000000 0.000000 49.000000 0.000000 57.000000 0.000000 49.000000
1.855740 0.000000 0.063624 0.097695 0.951512 1.384442 -0.316372 0.099769 -0.022878 0.045516 0.015615 -0.163141 1.219575 0.235550 0.089366 -0.116990 0.216469 1.453075 0.001310 -0.318205 0.060987 -0.125150 0.022658 -0.730442 -0.190674 -0.066107 -0.670123 0.125771 -0.215308 -0.045508 -0.388062 -5.802225 47.754787 0.111535 0.037418 12.806772 0.000000 0.000000 0.000000 0.000000 0.000000 0.000000 0.000000 0.000000 0.000000 57.000000 0.000000 0.000000 0.000000 0.000000 0.000000 0.000000 0.000000 0.000000 0.000000 49.000000 0.000000 57.000000 0.000000 49.000000
1.903450 0.000000 0.063600 0.097707 0.951548 1.384478 -0.316372 0.099781 -0.022878 0.045492 0.015579 -0.163153 1.219587 0.235574 0.089366 -0.116990 0.198981 1.508239 0.003077 -0.339339 0.060895 -0.139303 0.023539 -0.695873 -0.189000 -0.065018 -0.651535 0.108016 -0.211273 -0.047797 -0.354274 -5.603289 47.397313 0.017609 0.045365 12.871398 0.000000 0.000000 0.000000 0.000000 0.000000 0.000000 0.000000 0.000000 0.000000 57.000000 0.000000 0.000000 0.000000 0.000000 0.000000 0.000000 0.000000 0.000000 0.000000 49.000000 0.000000 57.000000 0.000000 49.000000
1.955781 0.000000 0.063600 0.097719 0.951500 1.384370 -0.316372 0.099781 -0.022866 0.045540 0.015591 -0.163177 1.219575 0.235550 0.089378 -0.116978 0.181654 1.490881 -0.014749 -0.322958 0.060697 -0.138337 0.017385 -0.746627 -0.203365 -0.080339 -0.682546 0.092375 -0.218889 -0.048557 -0.313392 -5.862297 48.442876 0.140851 0.001786 12.890739 0.000000 0.000000 0.000000 0.000000 0.000000 0.000000 0.000000 0.000000 0.000000 57.000000 0.000000 0.000000 0.000000 0.000000 0.000000 0.000000 0.000000 0.000000 0.000000 49.000000 0.000000 57.000000 0.000000 49.000000
# 记录总帧数: 33
