# 双臂GMO外力矩与触觉传感器标定对比实验 (v5: 含手自重补偿)
# 时间: 2026-09-03 14:56:06
# 左臂目标: [0.0, 0.0, 0.0, 1.57, 0.0, 0.0, 0.0]
# 右臂目标: [0.0, 0.0, 0.0, 1.57, 0.0, 0.0, 0.0]
# 手质量: 2.0kg
# 列说明:
#   1: time, 2: phase(0=move,1=hold)
#   3-9: left_q, 10-16: right_q
#   17-23: left_r_raw (GMO原始残差, Nm)
#   24-30: right_r_raw
#   31-37: left_r_comp (补偿手自重后残差, Nm)
#   38-44: right_r_comp
#   45-47: left_F_raw (GMO原始末端力, N)
#   48-50: right_F_raw
#   51-53: left_F_comp (补偿后末端力, N)
#   54-56: right_F_comp
#   57-59: left_F_hand (手自重末端力, N)
#   60-62: right_F_hand
#   63-67: left_nf1 (5指法向力), 68-72: right_nf1
#   73-77: left_tangential(5指), 78-82: right_tangential
#   83: left_n_sum, 84: right_n_sum, 85: left_t_sum, 86: right_t_sum
#================================================================================
0.002982 0.000000 0.082547 0.095095 0.372326 1.308510 0.042688 0.139772 0.055607 0.075405 -0.008725 -0.133025 1.314430 0.139784 0.070419 -0.219851 0.003332 0.022877 0.000630 -0.004148 0.001350 -0.001239 0.001929 0.005704 -0.018658 -0.004696 -0.001457 0.000953 -0.000979 -0.004143 0.242088 -1.319528 -0.124899 0.543746 -0.038742 0.131329 -0.146209 0.439714 0.518212 0.030050 0.477708 0.033069 0.195692 0.166770 -0.011563 0.031132 0.147113 -0.028083 -0.028067 0.270927 -0.011563 0.031132 -19.472887 -0.028083 -0.028067 -19.349073 0.000000 0.000000 -19.620000 0.000000 0.000000 -19.620000 0.000000 0.000000 0.000000 0.000000 0.000000 0.000000 0.000000 0.000000 0.000000 0.000000 0.000000 0.000000 0.000000 0.000000 0.000000 0.000000 0.000000 0.000000 0.000000 0.000000 0.000000 0.000000 0.000000 0.000000
0.083037 0.000000 0.082559 0.095095 0.372278 1.308486 0.042664 0.139760 0.055607 0.075417 -0.008713 -0.132989 1.314454 0.139832 0.070419 -0.219839 0.013841 0.544154 0.011787 -0.118227 0.031856 -0.033907 0.043797 -0.131497 -0.141344 -0.059875 -0.165749 0.017983 -0.058679 -0.054183 0.252636 -0.798245 -0.113761 0.429718 -0.008233 0.098700 -0.104339 0.302331 0.395364 -0.025144 0.313246 0.050089 0.137926 0.116709 -0.084045 0.971971 2.139336 -0.051592 0.106544 6.976236 -0.084045 0.971971 -17.480664 -0.051592 0.106544 -12.643764 0.000000 0.000000 -19.620000 0.000000 0.000000 -19.620000 0.000000 0.000000 0.000000 0.000000 0.000000 0.000000 0.000000 0.000000 0.000000 0.000000 0.000000 0.000000 0.000000 0.000000 0.000000 0.000000 0.000000 0.000000 0.000000 0.000000 0.000000 0.000000 0.000000 0.000000
0.116244 0.000000 0.082547 0.095095 0.372290 1.308510 0.042688 0.139772 0.055607 0.075405 -0.008725 -0.133025 1.314442 0.139784 0.070407 -0.219863 0.026785 0.695168 0.017561 -0.154698 0.039810 -0.038127 0.056764 -0.162427 -0.179275 -0.075093 -0.206596 0.022314 -0.073314 -0.065615 0.265556 -0.647204 -0.107968 0.393177 -0.000281 0.094434 -0.091373 0.271549 0.357603 -0.040348 0.272536 0.054430 0.123358 0.105309 -0.162440 1.060058 3.797499 -0.061917 0.119937 8.614434 -0.162440 1.060058 -15.822501 -0.061917 0.119937 -11.005566 0.000000 0.000000 -19.620000 0.000000 0.000000 -19.620000 0.000000 0.000000 0.000000 0.000000 0.000000 0.000000 0.000000 0.000000 0.000000 0.000000 0.000000 0.000000 0.000000 0.000000 0.000000 0.000000 0.000000 0.000000 0.000000 0.000000 0.000000 0.000000 0.000000 0.000000
0.155537 0.000000 0.082559 0.095095 0.372290 1.308510 0.042652 0.139784 0.055607 0.075417 -0.008737 -0.132989 1.314430 0.139820 0.070407 -0.219851 0.031109 0.832298 0.021237 -0.182377 0.047518 -0.047285 0.073078 -0.186953 -0.215693 -0.077373 -0.231323 0.026585 -0.086426 -0.076563 0.269769 -0.510059 -0.104294 0.365428 0.007425 0.085245 -0.075056 0.246989 0.321236 -0.042613 0.247811 0.058700 0.110251 0.094355 -0.184040 1.320961 4.249260 -0.056380 0.097100 9.605613 -0.184040 1.320961 -15.370740 -0.056380 0.097100 -10.014387 0.000000 0.000000 -19.620000 0.000000 0.000000 -19.620000 0.000000 0.000000 0.000000 0.000000 0.000000 0.000000 0.000000 0.000000 0.000000 0.000000 0.000000 0.000000 0.000000 0.000000 0.000000 0.000000 0.000000 0.000000 0.000000 0.000000 0.000000 0.000000 0.000000 0.000000
0.186265 0.000000 0.082547 0.095095 0.372338 1.308486 0.042664 0.139760 0.055607 0.075405 -0.008737 -0.132989 1.314430 0.139820 0.070407 -0.219851 0.053152 0.876688 0.020079 -0.183399 0.051639 -0.047126 0.075880 -0.216433 -0.238853 -0.078418 -0.262992 0.029003 -0.097064 -0.083101 0.292015 -0.465765 -0.105465 0.364625 0.011549 0.085511 -0.072255 0.217603 0.298074 -0.043662 0.216192 0.061120 0.099631 0.087813 -0.245313 1.365958 4.616523 -0.041889 0.114152 10.702870 -0.245313 1.365958 -15.003477 -0.041889 0.114152 -8.917130 0.000000 0.000000 -19.620000 0.000000 0.000000 -19.620000 0.000000 0.000000 0.000000 0.000000 0.000000 0.000000 0.000000 0.000000 0.000000 0.000000 0.000000 0.000000 0.000000 0.000000 0.000000 0.000000 0.000000 0.000000 0.000000 0.000000 0.000000 0.000000 0.000000 0.000000
0.230763 0.000000 0.082535 0.095107 0.372290 1.308522 0.042628 0.139760 0.055619 0.075405 -0.008725 -0.132965 1.314430 0.139844 0.070407 -0.219863 0.024702 0.986484 0.021607 -0.218190 0.071603 -0.056504 0.085762 -0.243813 -0.290111 -0.095336 -0.297588 0.032248 -0.108526 -0.092338 0.263538 -0.355964 -0.103923 0.329716 0.031513 0.076094 -0.062380 0.190226 0.246700 -0.060594 0.181582 0.064364 0.088162 0.078572 -0.178693 1.633393 4.638028 -0.029983 0.056492 11.782989 -0.178693 1.633393 -14.981972 -0.029983 0.056492 -7.837011 0.000000 0.000000 -19.620000 0.000000 0.000000 -19.620000 0.000000 0.000000 0.000000 0.000000 0.000000 0.000000 0.000000 0.000000 0.000000 0.000000 0.000000 0.000000 0.000000 0.000000 0.000000 0.000000 0.000000 0.000000 0.000000 0.000000 0.000000 0.000000 0.000000 0.000000
0.268698 0.000000 0.082559 0.095095 0.372302 1.308486 0.042616 0.139772 0.055607 0.075417 -0.008713 -0.133001 1.314430 0.139796 0.070419 -0.219851 0.051257 1.034974 0.011798 -0.219317 0.084486 -0.059945 0.089955 -0.246614 -0.284075 -0.091692 -0.299499 0.034879 -0.112143 -0.098756 0.290025 -0.307429 -0.113748 0.328618 0.044396 0.072656 -0.058174 0.187311 0.252675 -0.056957 0.179606 0.066991 0.084503 0.072148 -0.256091 1.643544 5.260836 -0.053581 0.105445 12.275607 -0.256091 1.643544 -14.359164 -0.053581 0.105445 -7.344393 0.000000 0.000000 -19.620000 0.000000 0.000000 -19.620000 0.000000 0.000000 0.000000 0.000000 0.000000 0.000000 0.000000 0.000000 0.000000 0.000000 0.000000 0.000000 0.000000 0.000000 0.000000 0.000000 0.000000 0.000000 0.000000 0.000000 0.000000 0.000000 0.000000 0.000000
0.307678 0.000000 0.082559 0.095119 0.372302 1.308510 0.042688 0.139772 0.055595 0.075417 -0.008725 -0.133001 1.314430 0.139856 0.070407 -0.219851 0.068527 1.098167 0.016280 -0.230151 0.071106 -0.063119 0.094088 -0.278203 -0.312683 -0.091096 -0.330529 0.035895 -0.125148 -0.108767 0.307200 -0.244396 -0.109276 0.317719 0.031011 0.069439 -0.054061 0.155732 0.224157 -0.056348 0.148593 0.068008 0.071523 0.062137 -0.314367 1.679070 5.959781 -0.040455 0.114981 13.452432 -0.314367 1.679070 -13.660219 -0.040455 0.114981 -6.167568 0.000000 0.000000 -19.620000 0.000000 0.000000 -19.620000 0.000000 0.000000 0.000000 0.000000 0.000000 0.000000 0.000000 0.000000 0.000000 0.000000 0.000000 0.000000 0.000000 0.000000 0.000000 0.000000 0.000000 0.000000 0.000000 0.000000 0.000000 0.000000 0.000000 0.000000
0.333012 0.000000 0.082559 0.095095 0.372302 1.308486 0.042652 0.139784 0.055583 0.075417 -0.008713 -0.132917 1.314418 0.139808 0.070407 -0.219851 0.063393 1.148059 0.012236 -0.240757 0.080216 -0.066255 0.097822 -0.282550 -0.330245 -0.098874 -0.340071 0.036884 -0.127461 -0.110591 0.302148 -0.194328 -0.113307 0.307159 0.040126 0.066318 -0.050294 0.151472 0.206426 -0.064143 0.139098 0.068997 0.069221 0.060305 -0.298584 1.819225 5.849495 -0.043485 0.089325 13.744236 -0.298584 1.819225 -13.770505 -0.043485 0.089325 -5.875764 0.000000 0.000000 -19.620000 0.000000 0.000000 -19.620000 0.000000 0.000000 0.000000 0.000000 0.000000 0.000000 0.000000 0.000000 0.000000 0.000000 0.000000 0.000000 0.000000 0.000000 0.000000 0.000000 0.000000 0.000000 0.000000 0.000000 0.000000 0.000000 0.000000 0.000000
0.364867 0.000000 0.082559 0.095107 0.372290 1.308486 0.042676 0.139760 0.055583 0.075417 -0.008713 -0.132905 1.314454 0.139808 0.070431 -0.219851 0.061512 1.148498 0.011890 -0.242710 0.079402 -0.067239 0.096634 -0.267276 -0.333353 -0.106527 -0.328703 0.048795 -0.124707 -0.111553 0.300307 -0.193990 -0.113669 0.305260 0.039314 0.065374 -0.051495 0.166562 0.203274 -0.071802 0.150267 0.080902 0.071874 0.059347 -0.295511 1.808355 5.918429 -0.066282 0.061466 13.470805 -0.295511 1.808355 -13.701571 -0.066282 0.061466 -6.149195 0.000000 0.000000 -19.620000 0.000000 0.000000 -19.620000 0.000000 0.000000 0.000000 0.000000 0.000000 0.000000 0.000000 0.000000 0.000000 0.000000 0.000000 0.000000 0.000000 0.000000 0.000000 0.000000 0.000000 0.000000 0.000000 0.000000 0.000000 0.000000 0.000000 0.000000
0.399343 0.000000 0.082559 0.095107 0.372302 1.308510 0.042652 0.139772 0.055607 0.075429 -0.008725 -0.132989 1.314442 0.139820 0.070407 -0.219863 0.068530 1.195542 0.017275 -0.247683 0.079314 -0.066068 0.100426 -0.284717 -0.362542 -0.115289 -0.348598 0.047496 -0.131319 -0.114685 0.307202 -0.146927 -0.108270 0.300167 0.039221 0.066491 -0.047717 0.149080 0.174295 -0.080538 0.130426 0.079607 0.065313 0.056237 -0.309728 1.940623 5.822442 -0.046470 0.019711 13.946377 -0.309728 1.940623 -13.797558 -0.046470 0.019711 -5.673623 0.000000 0.000000 -19.620000 0.000000 0.000000 -19.620000 0.000000 0.000000 0.000000 0.000000 0.000000 0.000000 0.000000 0.000000 0.000000 0.000000 0.000000 0.000000 0.000000 0.000000 0.000000 0.000000 0.000000 0.000000 0.000000 0.000000 0.000000 0.000000 0.000000 0.000000
0.427633 0.000000 0.082559 0.095107 0.372302 1.308510 0.042688 0.139772 0.055619 0.075417 -0.008725 -0.133013 1.314430 0.139844 0.070407 -0.219863 0.052068 1.203176 0.008296 -0.255099 0.078992 -0.068783 0.100348 -0.285779 -0.342401 -0.108810 -0.344687 0.047325 -0.131377 -0.113632 0.290735 -0.139311 -0.117250 0.292754 0.038896 0.063768 -0.047811 0.148151 0.194463 -0.074060 0.134437 0.079439 0.065294 0.057284 -0.267346 1.977287 5.701557 -0.043351 0.066989 13.893742 -0.267346 1.977287 -13.918443 -0.043351 0.066989 -5.726258 0.000000 0.000000 -19.620000 0.000000 0.000000 -19.620000 0.000000 0.000000 0.000000 0.000000 0.000000 0.000000 0.000000 0.000000 0.000000 0.000000 0.000000 0.000000 0.000000 0.000000 0.000000 0.000000 0.000000 0.000000 0.000000 0.000000 0.000000 0.000000 0.000000 0.000000
0.450393 0.000000 0.082559 0.095083 0.372290 1.308510 0.042664 0.139772 0.055607 0.075417 -0.008713 -0.132941 1.314430 0.139844 0.070407 -0.219863 0.074186 1.194941 0.009030 -0.241136 0.078467 -0.066796 0.099195 -0.304801 -0.362733 -0.107269 -0.357110 0.046611 -0.135145 -0.115092 0.312864 -0.147332 -0.116492 0.306673 0.038379 0.065746 -0.048932 0.129154 0.173960 -0.072537 0.122001 0.078723 0.061518 0.055811 -0.310239 2.002587 5.434462 0.002313 0.018312 13.913157 -0.310239 2.002587 -14.185538 0.002313 0.018312 -5.706843 0.000000 0.000000 -19.620000 0.000000 0.000000 -19.620000 0.000000 0.000000 0.000000 0.000000 0.000000 0.000000 0.000000 0.000000 0.000000 0.000000 0.000000 0.000000 0.000000 0.000000 0.000000 0.000000 0.000000 0.000000 0.000000 0.000000 0.000000 0.000000 0.000000 0.000000
0.483879 0.000000 0.082547 0.095119 0.372314 1.308510 0.042700 0.139760 0.055619 0.075429 -0.008713 -0.132965 1.314418 0.139796 0.070407 -0.219863 0.071085 1.247919 0.015814 -0.241624 0.068431 -0.070080 0.107942 -0.314011 -0.357944 -0.102742 -0.368724 0.045921 -0.137839 -0.115677 0.309859 -0.094681 -0.109740 0.306321 0.028333 0.062516 -0.040225 0.119899 0.178791 -0.068003 0.110400 0.078035 0.058827 0.055236 -0.263493 2.363795 4.086608 -0.001765 0.066441 14.429695 -0.263493 2.363795 -15.533392 -0.001765 0.066441 -5.190305 0.000000 0.000000 -19.620000 0.000000 0.000000 -19.620000 0.000000 0.000000 0.000000 0.000000 0.000000 0.000000 0.000000 0.000000 0.000000 0.000000 0.000000 0.000000 0.000000 0.000000 0.000000 0.000000 0.000000 0.000000 0.000000 0.000000 0.000000 0.000000 0.000000 0.000000
0.525034 0.000000 0.082547 0.095083 0.372302 1.308510 0.042688 0.139760 0.055619 0.075417 -0.008725 -0.132941 1.314430 0.139832 0.070419 -0.219863 0.043225 1.266012 0.005365 -0.254453 0.083318 -0.077591 0.110523 -0.316327 -0.364690 -0.100109 -0.377462 0.058394 -0.139432 -0.117320 0.282007 -0.076292 -0.120155 0.293431 0.043231 0.054986 -0.037615 0.117610 0.172094 -0.065366 0.101638 0.090508 0.057217 0.053594 -0.186499 2.469295 3.722950 -0.017021 0.080625 14.856090 -0.186499 2.469295 -15.897050 -0.017021 0.080625 -4.763910 0.000000 0.000000 -19.620000 0.000000 0.000000 -19.620000 0.000000 0.000000 0.000000 0.000000 0.000000 0.000000 0.000000 0.000000 0.000000 0.000000 0.000000 0.000000 0.000000 0.000000 0.000000 0.000000 0.000000 0.000000 0.000000 0.000000 0.000000 0.000000 0.000000 0.000000
0.560536 0.000000 0.082559 0.095119 0.372338 1.308510 0.042676 0.139760 0.055619 0.075405 -0.008713 -0.132953 1.314430 0.139832 0.070407 -0.219863 0.057305 1.276189 -0.000887 -0.241789 0.093372 -0.075341 0.109975 -0.296121 -0.359280 -0.098009 -0.360939 0.056268 -0.136087 -0.118219 0.295973 -0.066429 -0.126447 0.306120 0.053275 0.057247 -0.038193 0.137925 0.177426 -0.063281 0.118225 0.088382 0.060595 0.052684 -0.193903 2.638529 2.862092 -0.057505 0.081189 14.653178 -0.193903 2.638529 -16.757908 -0.057505 0.081189 -4.966822 0.000000 0.000000 -19.620000 0.000000 0.000000 -19.620000 0.000000 0.000000 0.000000 0.000000 0.000000 0.000000 0.000000 0.000000 0.000000 0.000000 0.000000 0.000000 0.000000 0.000000 0.000000 0.000000 0.000000 0.000000 0.000000 0.000000 0.000000 0.000000 0.000000 0.000000
0.593666 0.000000 0.082571 0.095083 0.372338 1.308510 0.042652 0.139796 0.055607 0.075441 -0.008713 -0.132989 1.314418 0.139844 0.070407 -0.219851 0.077690 1.270386 0.003766 -0.225574 0.100878 -0.073872 0.112973 -0.302740 -0.369945 -0.095760 -0.360929 0.054092 -0.140795 -0.118505 0.316215 -0.071917 -0.121759 0.322171 0.060785 0.058622 -0.035156 0.131065 0.166800 -0.061017 0.118141 0.086201 0.055853 0.052395 -0.222504 2.737768 2.210301 -0.030996 0.042168 14.458555 -0.222504 2.737768 -17.409699 -0.030996 0.042168 -5.161445 0.000000 0.000000 -19.620000 0.000000 0.000000 -19.620000 0.000000 0.000000 0.000000 0.000000 0.000000 0.000000 0.000000 0.000000 0.000000 0.000000 0.000000 0.000000 0.000000 0.000000 0.000000 0.000000 0.000000 0.000000 0.000000 0.000000 0.000000 0.000000 0.000000 0.000000
0.636464 0.000000 0.082559 0.095095 0.372314 1.308522 0.042628 0.139772 0.055607 0.075405 -0.008701 -0.132977 1.314430 0.139844 0.070419 -0.219863 0.060251 1.296920 0.010351 -0.244555 0.109478 -0.077764 0.115459 -0.293475 -0.388827 -0.109199 -0.350795 0.038951 -0.134727 -0.120548 0.298872 -0.045443 -0.115176 0.303230 0.069389 0.054776 -0.032671 0.140545 0.147802 -0.074482 0.128342 0.071063 0.061931 0.050345 -0.198459 2.709149 2.778651 -0.028797 -0.043144 13.949001 -0.198459 2.709149 -16.841349 -0.028797 -0.043144 -5.670999 0.000000 0.000000 -19.620000 0.000000 0.000000 -19.620000 0.000000 0.000000 0.000000 0.000000 0.000000 0.000000 0.000000 0.000000 0.000000 0.000000 0.000000 0.000000 0.000000 0.000000 0.000000 0.000000 0.000000 0.000000 0.000000 0.000000 0.000000 0.000000 0.000000 0.000000
0.675581 0.000000 0.082535 0.095095 0.372314 1.308534 0.042664 0.139760 0.055607 0.075405 -0.008713 -0.132977 1.314430 0.139832 0.070419 -0.219863 0.038894 1.290192 0.011600 -0.256823 0.115397 -0.077598 0.112158 -0.321598 -0.380006 -0.102923 -0.360459 0.039377 -0.140425 -0.115653 0.277675 -0.052166 -0.113913 0.291026 0.075311 0.054971 -0.035971 0.112421 0.156720 -0.068194 0.118687 0.071491 0.056239 0.055251 -0.160385 2.630955 3.144233 0.060483 -0.047374 13.562080 -0.160385 2.630955 -16.475767 0.060483 -0.047374 -6.057920 0.000000 0.000000 -19.620000 0.000000 0.000000 -19.620000 0.000000 0.000000 0.000000 0.000000 0.000000 0.000000 0.000000 0.000000 0.000000 0.000000 0.000000 0.000000 0.000000 0.000000 0.000000 0.000000 0.000000 0.000000 0.000000 0.000000 0.000000 0.000000 0.000000 0.000000
0.711643 0.000000 0.082559 0.095083 0.372314 1.308510 0.042676 0.139772 0.055619 0.075417 -0.008713 -0.132905 1.314442 0.139844 0.070407 -0.219863 0.065285 1.323320 0.007671 -0.244210 0.120285 -0.075385 0.116897 -0.308678 -0.388322 -0.112027 -0.352311 0.040457 -0.141658 -0.119707 0.303949 -0.018987 -0.117853 0.303612 0.080194 0.057158 -0.031242 0.125240 0.148326 -0.077299 0.126745 0.072566 0.054983 0.051195 -0.203912 2.815888 2.524474 0.024832 -0.066971 13.612999 -0.203912 2.815888 -17.095526 0.024832 -0.066971 -6.007001 0.000000 0.000000 -19.620000 0.000000 0.000000 -19.620000 0.000000 0.000000 0.000000 0.000000 0.000000 0.000000 0.000000 0.000000 0.000000 0.000000 0.000000 0.000000 0.000000 0.000000 0.000000 0.000000 0.000000 0.000000 0.000000 0.000000 0.000000 0.000000 0.000000 0.000000
0.789774 0.000000 0.082571 0.095107 0.372314 1.308522 0.042688 0.139760 0.055583 0.075429 -0.008713 -0.132941 1.314442 0.139832 0.070407 -0.219863 0.066895 1.329556 0.017070 -0.230865 0.103758 -0.075566 0.113413 -0.325932 -0.372538 -0.100539 -0.380226 0.065915 -0.144958 -0.118994 0.305442 -0.012904 -0.108477 0.316914 0.063670 0.056969 -0.034720 0.107882 0.164151 -0.065805 0.098785 0.098024 0.051667 0.051915 -0.148636 3.164229 0.577836 0.009834 0.055196 14.775769 -0.148636 3.164229 -19.042164 0.009834 0.055196 -4.844231 0.000000 0.000000 -19.620000 0.000000 0.000000 -19.620000 0.000000 0.000000 0.000000 0.000000 0.000000 0.000000 0.000000 0.000000 0.000000 0.000000 0.000000 0.000000 0.000000 0.000000 0.000000 0.000000 0.000000 0.000000 0.000000 0.000000 0.000000 0.000000 0.000000 0.000000
0.817377 0.000000 0.082559 0.095107 0.372290 1.308522 0.042676 0.139760 0.055595 0.075429 -0.008725 -0.132941 1.314454 0.139820 0.070395 -0.219875 0.051380 1.332451 0.018350 -0.243818 0.108895 -0.078328 0.110114 -0.316335 -0.396192 -0.109531 -0.372471 0.062773 -0.144314 -0.121169 0.290031 -0.009993 -0.107191 0.303995 0.068806 0.054223 -0.038024 0.117445 0.140602 -0.074783 0.106514 0.094884 0.052316 0.049762 -0.124941 3.093131 1.041897 0.003172 -0.026361 14.459919 -0.124941 3.093131 -18.578103 0.003172 -0.026361 -5.160081 0.000000 0.000000 -19.620000 0.000000 0.000000 -19.620000 0.000000 0.000000 0.000000 0.000000 0.000000 0.000000 0.000000 0.000000 0.000000 0.000000 0.000000 0.000000 0.000000 0.000000 0.000000 0.000000 0.000000 0.000000 0.000000 0.000000 0.000000 0.000000 0.000000 0.000000
0.850600 0.000000 0.082547 0.095107 0.372326 1.308510 0.042652 0.139760 0.055607 0.075405 -0.008725 -0.132941 1.314430 0.139832 0.070407 -0.219851 0.060571 1.323729 0.020031 -0.245412 0.113894 -0.077038 0.109482 -0.325743 -0.379873 -0.114441 -0.370519 0.059690 -0.144655 -0.124046 0.299345 -0.018768 -0.105511 0.302518 0.073804 0.055564 -0.038659 0.108309 0.156906 -0.079701 0.108653 0.091804 0.052032 0.046856 -0.173025 2.919132 1.942075 0.026336 0.002377 14.339508 -0.173025 2.919132 -17.677925 0.026336 0.002377 -5.280492 0.000000 0.000000 -19.620000 0.000000 0.000000 -19.620000 0.000000 0.000000 0.000000 0.000000 0.000000 0.000000 0.000000 0.000000 0.000000 0.000000 0.000000 0.000000 0.000000 0.000000 0.000000 0.000000 0.000000 0.000000 0.000000 0.000000 0.000000 0.000000 0.000000 0.000000
0.875579 0.000000 0.082547 0.095119 0.372302 1.308486 0.042676 0.139772 0.055607 0.075405 -0.008713 -0.132917 1.314442 0.139844 0.070407 -0.219851 0.067016 1.352163 0.024719 -0.242239 0.109835 -0.076676 0.113731 -0.318140 -0.370629 -0.110277 -0.363337 0.057966 -0.142883 -0.120710 0.305875 0.009559 -0.100844 0.305782 0.069738 0.055943 -0.034423 0.115870 0.166021 -0.075553 0.115772 0.090075 0.053777 0.050181 -0.169009 3.102946 1.277599 0.020716 0.011088 14.116231 -0.169009 3.102946 -18.342401 0.020716 0.011088 -5.503769 0.000000 0.000000 -19.620000 0.000000 0.000000 -19.620000 0.000000 0.000000 0.000000 0.000000 0.000000 0.000000 0.000000 0.000000 0.000000 0.000000 0.000000 0.000000 0.000000 0.000000 0.000000 0.000000 0.000000 0.000000 0.000000 0.000000 0.000000 0.000000 0.000000 0.000000
0.910826 0.000000 0.082547 0.095083 0.372302 1.308522 0.042664 0.139772 0.055607 0.075417 -0.008725 -0.132965 1.314418 0.139820 0.070407 -0.219851 0.056927 1.342515 0.024636 -0.250563 0.104236 -0.077532 0.114927 -0.328889 -0.386701 -0.106414 -0.366397 0.055122 -0.145760 -0.121219 0.295647 0.000250 -0.100876 0.297247 0.064149 0.055010 -0.033197 0.105113 0.150114 -0.071667 0.112781 0.087237 0.050930 0.049686 -0.166783 2.960426 1.976895 0.058907 -0.042868 13.884167 -0.166783 2.960426 -17.643105 0.058907 -0.042868 -5.735833 0.000000 0.000000 -19.620000 0.000000 0.000000 -19.620000 0.000000 0.000000 0.000000 0.000000 0.000000 0.000000 0.000000 0.000000 0.000000 0.000000 0.000000 0.000000 0.000000 0.000000 0.000000 0.000000 0.000000 0.000000 0.000000 0.000000 0.000000 0.000000 0.000000 0.000000
0.949653 0.000000 0.082559 0.095107 0.372302 1.308522 0.042676 0.139772 0.055583 0.075417 -0.008713 -0.133001 1.314430 0.139796 0.070407 -0.219851 0.061839 1.327762 0.024676 -0.251396 0.098745 -0.079694 0.111575 -0.331397 -0.391078 -0.101819 -0.364622 0.052783 -0.146514 -0.120461 0.300469 -0.014676 -0.100862 0.296402 0.058655 0.052839 -0.036553 0.102547 0.145677 -0.067084 0.114503 0.084895 0.050152 0.050443 -0.192848 2.826073 2.553532 0.076135 -0.066645 13.674036 -0.192848 2.826073 -17.066468 0.076135 -0.066645 -5.945964 0.000000 0.000000 -19.620000 0.000000 0.000000 -19.620000 0.000000 0.000000 0.000000 0.000000 0.000000 0.000000 0.000000 0.000000 0.000000 0.000000 0.000000 0.000000 0.000000 0.000000 0.000000 0.000000 0.000000 0.000000 0.000000 0.000000 0.000000 0.000000 0.000000 0.000000
0.976910 0.000000 0.082559 0.095119 0.372290 1.308486 0.042700 0.139772 0.055607 0.075405 -0.008701 -0.132977 1.314430 0.139856 0.070419 -0.219839 0.058778 1.324902 0.024690 -0.247160 0.104539 -0.079712 0.110953 -0.332033 -0.387399 -0.099587 -0.371567 0.060076 -0.146429 -0.120459 0.297547 -0.017698 -0.100879 0.300809 0.064440 0.052881 -0.037208 0.101991 0.149210 -0.064872 0.107572 0.092184 0.050229 0.050413 -0.167209 2.927046 1.922164 0.058465 -0.030065 14.065475 -0.167209 2.927046 -17.697836 0.058465 -0.030065 -5.554525 0.000000 0.000000 -19.620000 0.000000 0.000000 -19.620000 0.000000 0.000000 0.000000 0.000000 0.000000 0.000000 0.000000 0.000000 0.000000 0.000000 0.000000 0.000000 0.000000 0.000000 0.000000 0.000000 0.000000 0.000000 0.000000 0.000000 0.000000 0.000000 0.000000 0.000000
1.004821 0.000000 0.082559 0.095107 0.372302 1.308510 0.042676 0.139760 0.055619 0.075429 -0.008725 -0.132977 1.314430 0.139844 0.070407 -0.219863 0.060635 1.325857 0.017007 -0.250656 0.109440 -0.077456 0.110615 -0.335268 -0.397068 -0.099865 -0.367003 0.057787 -0.146114 -0.122602 0.299321 -0.016633 -0.108541 0.297216 0.069346 0.055118 -0.037542 0.098580 0.139759 -0.065114 0.112068 0.089900 0.050537 0.048315 -0.192642 2.810813 2.601622 0.082916 -0.078147 13.706991 -0.192642 2.810813 -17.018378 0.082916 -0.078147 -5.913009 0.000000 0.000000 -19.620000 0.000000 0.000000 -19.620000 0.000000 0.000000 0.000000 0.000000 0.000000 0.000000 0.000000 0.000000 0.000000 0.000000 0.000000 0.000000 0.000000 0.000000 0.000000 0.000000 0.000000 0.000000 0.000000 0.000000 0.000000 0.000000 0.000000 0.000000
1.052679 0.000000 0.082559 0.095095 0.372362 1.308486 0.042652 0.139772 0.055619 0.075417 -0.008713 -0.133001 1.314430 0.139808 0.070407 -0.219863 0.057694 1.321063 0.004179 -0.256237 0.116939 -0.077016 0.115507 -0.328757 -0.378709 -0.095454 -0.374993 0.054567 -0.144870 -0.121271 0.296430 -0.021413 -0.121370 0.291731 0.076845 0.055589 -0.032640 0.105183 0.158053 -0.060718 0.104128 0.086681 0.051796 0.049641 -0.216985 2.627519 3.590343 0.026780 0.023718 14.517469 -0.216985 2.627519 -16.029657 0.026780 0.023718 -5.102531 0.000000 0.000000 -19.620000 0.000000 0.000000 -19.620000 0.000000 0.000000 0.000000 0.000000 0.000000 0.000000 0.000000 0.000000 0.000000 0.000000 0.000000 0.000000 0.000000 0.000000 0.000000 0.000000 0.000000 0.000000 0.000000 0.000000 0.000000 0.000000 0.000000 0.000000
1.088429 0.000000 0.082547 0.095095 0.372386 1.308510 0.042664 0.139760 0.055607 0.075405 -0.008713 -0.133001 1.314418 0.139808 0.070407 -0.219851 0.051667 1.319310 0.009524 -0.265036 0.109970 -0.077218 0.114514 -0.331902 -0.389748 -0.105213 -0.371851 0.063908 -0.145414 -0.120585 0.290414 -0.023151 -0.116009 0.282908 0.069881 0.055387 -0.033622 0.102184 0.147010 -0.070480 0.107375 0.096023 0.051291 0.050313 -0.222283 2.512961 4.244880 0.062297 -0.042482 13.988484 -0.222283 2.512961 -15.375120 0.062297 -0.042482 -5.631516 0.000000 0.000000 -19.620000 0.000000 0.000000 -19.620000 0.000000 0.000000 0.000000 0.000000 0.000000 0.000000 0.000000 0.000000 0.000000 0.000000 0.000000 0.000000 0.000000 0.000000 0.000000 0.000000 0.000000 0.000000 0.000000 0.000000 0.000000 0.000000 0.000000 0.000000
1.139652 0.000000 0.082547 0.095095 0.372338 1.308510 0.042688 0.139772 0.055595 0.075417 -0.008713 -0.132977 1.314430 0.139808 0.070407 -0.219875 0.061775 1.330716 0.000098 -0.264654 0.101866 -0.075421 0.113789 -0.327659 -0.403589 -0.116961 -0.382342 0.058464 -0.149421 -0.122030 0.300528 -0.011691 -0.125431 0.283245 0.061776 0.057149 -0.034340 0.106286 0.133157 -0.082226 0.096777 0.090579 0.047243 0.048889 -0.257876 2.465545 4.660496 0.019511 -0.032681 14.680038 -0.257876 2.465545 -14.959504 0.019511 -0.032681 -4.939962 0.000000 0.000000 -19.620000 0.000000 0.000000 -19.620000 0.000000 0.000000 0.000000 0.000000 0.000000 0.000000 0.000000 0.000000 0.000000 0.000000 0.000000 0.000000 0.000000 0.000000 0.000000 0.000000 0.000000 0.000000 0.000000 0.000000 0.000000 0.000000 0.000000 0.000000
1.180044 0.000000 0.082547 0.095083 0.372290 1.308510 0.042676 0.139784 0.055607 0.075417 -0.008725 -0.133001 1.314442 0.139832 0.070407 -0.219863 0.047019 1.327802 0.005219 -0.272094 0.096919 -0.077544 0.112141 -0.316714 -0.386929 -0.110218 -0.368513 0.055924 -0.145601 -0.123791 0.285773 -0.014466 -0.120296 0.275742 0.056828 0.054993 -0.035985 0.117171 0.149918 -0.075470 0.110559 0.088037 0.051050 0.047128 -0.222177 2.464384 4.635989 -0.002268 -0.001418 14.506721 -0.222177 2.464384 -14.984011 -0.002268 -0.001418 -5.113279 0.000000 0.000000 -19.620000 0.000000 0.000000 -19.620000 0.000000 0.000000 0.000000 0.000000 0.000000 0.000000 0.000000 0.000000 0.000000 0.000000 0.000000 0.000000 0.000000 0.000000 0.000000 0.000000 0.000000 0.000000 0.000000 0.000000 0.000000 0.000000 0.000000 0.000000
1.222502 0.000000 0.082559 0.095107 0.372314 1.308498 0.042700 0.139772 0.055607 0.075405 -0.008713 -0.133025 1.314442 0.139832 0.070419 -0.219863 0.075196 1.351332 0.014481 -0.267017 0.093365 -0.079205 0.114601 -0.337776 -0.399154 -0.105683 -0.353095 0.040033 -0.146015 -0.123643 0.313908 0.008823 -0.111071 0.280894 0.053269 0.053366 -0.033551 0.096177 0.137616 -0.070951 0.126003 0.072146 0.050630 0.047265 -0.292554 2.483298 4.878924 0.125917 -0.141071 12.907852 -0.292554 2.483298 -14.741076 0.125917 -0.141071 -6.712148 0.000000 0.000000 -19.620000 0.000000 0.000000 -19.620000 0.000000 0.000000 0.000000 0.000000 0.000000 0.000000 0.000000 0.000000 0.000000 0.000000 0.000000 0.000000 0.000000 0.000000 0.000000 0.000000 0.000000 0.000000 0.000000 0.000000 0.000000 0.000000 0.000000 0.000000
1.261330 0.000000 0.082559 0.095119 0.372338 1.308510 0.042688 0.139760 0.055583 0.075429 -0.008713 -0.132953 1.314430 0.139820 0.070407 -0.219851 0.063544 1.340824 0.004210 -0.271245 0.102394 -0.079926 0.114878 -0.351725 -0.403286 -0.101199 -0.367607 0.052675 -0.147460 -0.122642 0.302222 -0.001770 -0.121349 0.276663 0.062302 0.052659 -0.033263 0.082139 0.133416 -0.066463 0.111461 0.084784 0.049185 0.048258 -0.274494 2.406900 5.162504 0.148711 -0.131706 13.170476 -0.274494 2.406900 -14.457496 0.148711 -0.131706 -6.449524 0.000000 0.000000 -19.620000 0.000000 0.000000 -19.620000 0.000000 0.000000 0.000000 0.000000 0.000000 0.000000 0.000000 0.000000 0.000000 0.000000 0.000000 0.000000 0.000000 0.000000 0.000000 0.000000 0.000000 0.000000 0.000000 0.000000 0.000000 0.000000 0.000000 0.000000
# 记录总帧数: 34
