# 双臂GMO外力矩与触觉传感器标定对比实验 (v5: 含手自重补偿)
# 时间: 2026-09-03 14:55:52
# 左臂目标: [0.0, 0.0, 0.0, 1.57, 0.0, 0.0, 0.0]
# 右臂目标: [0.0, 0.0, 0.0, 1.57, 0.0, 0.0, 0.0]
# 手质量: 5.0kg
# 列说明:
#   1: time, 2: phase(0=move,1=hold)
#   3-9: left_q, 10-16: right_q
#   17-23: left_r_raw (GMO原始残差, Nm)
#   24-30: right_r_raw
#   31-37: left_r_comp (补偿手自重后残差, Nm)
#   38-44: right_r_comp
#   45-47: left_F_raw (GMO原始末端力, N)
#   48-50: right_F_raw
#   51-53: left_F_comp (补偿后末端力, N)
#   54-56: right_F_comp
#   57-59: left_F_hand (手自重末端力, N)
#   60-62: right_F_hand
#   63-67: left_nf1 (5指法向力), 68-72: right_nf1
#   73-77: left_tangential(5指), 78-82: right_tangential
#   83: left_n_sum, 84: right_n_sum, 85: left_t_sum, 86: right_t_sum
#================================================================================
0.003059 0.000000 0.082559 0.095131 0.372326 1.308486 0.042688 0.139772 0.055595 0.075405 -0.008725 -0.132941 1.314430 0.139880 0.070419 -0.219863 0.001822 0.031863 0.001542 -0.004316 0.002583 -0.001272 0.003028 -0.010740 0.002629 -0.000299 -0.009139 0.000799 -0.002955 -0.001496 0.598710 -3.324925 -0.312408 1.365696 -0.097666 0.330251 -0.367371 1.074321 1.344567 0.086548 1.188717 0.081085 0.488711 0.425765 -0.000558 0.098523 -0.117480 0.008748 0.027400 0.317311 -0.000558 0.098523 -49.167480 0.008748 0.027400 -48.732689 0.000000 0.000000 -49.050000 0.000000 0.000000 -49.050000 0.000000 0.000000 0.000000 0.000000 0.000000 0.000000 0.000000 0.000000 0.000000 0.000000 0.000000 0.000000 0.000000 0.000000 0.000000 0.000000 0.000000 0.000000 0.000000 0.000000 0.000000 0.000000 0.000000 0.000000
0.113232 0.000000 0.082559 0.095083 0.372362 1.308510 0.042712 0.139748 0.055583 0.075417 -0.008725 -0.132965 1.314430 0.139856 0.070407 -0.219863 0.027743 0.722834 0.014769 -0.152374 0.043455 -0.042750 0.058295 -0.172549 -0.249254 -0.049872 -0.226589 0.024269 -0.080777 -0.076043 0.624461 -2.633029 -0.299054 1.217346 -0.056749 0.288715 -0.312002 0.912312 1.092774 0.036992 0.971206 0.104554 0.410896 0.351236 -0.134741 1.286344 2.865765 -0.082859 0.019971 9.515800 -0.134741 1.286344 -46.184235 -0.082859 0.019971 -39.534200 0.000000 0.000000 -49.050000 0.000000 0.000000 -49.050000 0.000000 0.000000 0.000000 0.000000 0.000000 0.000000 0.000000 0.000000 0.000000 0.000000 0.000000 0.000000 0.000000 0.000000 0.000000 0.000000 0.000000 0.000000 0.000000 0.000000 0.000000 0.000000 0.000000 0.000000
0.176134 0.000000 0.082559 0.095131 0.372314 1.308510 0.042724 0.139760 0.055571 0.075429 -0.008737 -0.133013 1.314430 0.139856 0.070407 -0.219851 0.044429 0.912439 0.021851 -0.171180 0.054683 -0.049016 0.075928 -0.213031 -0.279353 -0.060958 -0.260099 0.011029 -0.102951 -0.089587 0.641154 -2.444223 -0.292072 1.198609 -0.045550 0.282431 -0.294437 0.871559 1.063020 0.025956 0.937603 0.091312 0.388695 0.337704 -0.138307 1.948829 1.711052 -0.060692 0.033071 10.878508 -0.138307 1.948829 -47.338948 -0.060692 0.033071 -38.171492 0.000000 0.000000 -49.050000 0.000000 0.000000 -49.050000 0.000000 0.000000 0.000000 0.000000 0.000000 0.000000 0.000000 0.000000 0.000000 0.000000 0.000000 0.000000 0.000000 0.000000 0.000000 0.000000 0.000000 0.000000 0.000000 0.000000 0.000000 0.000000 0.000000 0.000000
0.210936 0.000000 0.082559 0.095119 0.372314 1.308510 0.042700 0.139760 0.055595 0.075405 -0.008737 -0.132941 1.314406 0.139820 0.070407 -0.219863 0.047771 0.981517 0.011877 -0.189001 0.058703 -0.053962 0.080957 -0.253934 -0.296523 -0.064496 -0.296792 0.016148 -0.114321 -0.096800 0.644484 -2.374941 -0.302020 1.180742 -0.041531 0.277482 -0.289422 0.831441 1.045724 0.022391 0.901419 0.096453 0.377510 0.330497 -0.169268 1.968915 2.566715 -0.019520 0.062094 11.959359 -0.169268 1.968915 -46.483285 -0.019520 0.062094 -37.090641 0.000000 0.000000 -49.050000 0.000000 0.000000 -49.050000 0.000000 0.000000 0.000000 0.000000 0.000000 0.000000 0.000000 0.000000 0.000000 0.000000 0.000000 0.000000 0.000000 0.000000 0.000000 0.000000 0.000000 0.000000 0.000000 0.000000 0.000000 0.000000 0.000000 0.000000
0.243829 0.000000 0.082547 0.095119 0.372326 1.308510 0.042712 0.139760 0.055607 0.075405 -0.008713 -0.132977 1.314430 0.139880 0.070407 -0.219863 0.052906 1.019762 0.004001 -0.201001 0.061681 -0.055069 0.085155 -0.246989 -0.313591 -0.079013 -0.295842 0.021291 -0.115773 -0.103196 0.649834 -2.336751 -0.309886 1.168878 -0.038558 0.276420 -0.285246 0.838091 1.028218 0.007810 0.902055 0.101574 0.375934 0.324046 -0.211721 1.883532 3.601253 -0.050439 0.031773 12.193938 -0.211721 1.883532 -45.448747 -0.050439 0.031773 -36.856062 0.000000 0.000000 -49.050000 0.000000 0.000000 -49.050000 0.000000 0.000000 0.000000 0.000000 0.000000 0.000000 0.000000 0.000000 0.000000 0.000000 0.000000 0.000000 0.000000 0.000000 0.000000 0.000000 0.000000 0.000000 0.000000 0.000000 0.000000 0.000000 0.000000 0.000000
0.273950 0.000000 0.082559 0.095119 0.372314 1.308510 0.042736 0.139760 0.055619 0.075405 -0.008725 -0.132893 1.314418 0.139844 0.070407 -0.219875 0.051117 1.065063 -0.000651 -0.214413 0.054814 -0.061822 0.089289 -0.258770 -0.317898 -0.079450 -0.304359 0.024470 -0.120800 -0.105670 0.647811 -2.291461 -0.314552 1.155336 -0.045435 0.269602 -0.281154 0.826509 1.023980 0.007395 0.893679 0.104766 0.370961 0.321616 -0.217899 1.916533 4.051060 -0.036302 0.038028 12.449911 -0.217899 1.916533 -44.998940 -0.036302 0.038028 -36.600089 0.000000 0.000000 -49.050000 0.000000 0.000000 -49.050000 0.000000 0.000000 0.000000 0.000000 0.000000 0.000000 0.000000 0.000000 0.000000 0.000000 0.000000 0.000000 0.000000 0.000000 0.000000 0.000000 0.000000 0.000000 0.000000 0.000000 0.000000 0.000000 0.000000 0.000000
0.303281 0.000000 0.082547 0.095119 0.372314 1.308510 0.042688 0.139772 0.055583 0.075405 -0.008713 -0.133013 1.314430 0.139844 0.070407 -0.219863 0.045480 1.111117 -0.005071 -0.217738 0.058322 -0.065020 0.091938 -0.263176 -0.313453 -0.088869 -0.305976 0.036997 -0.121691 -0.108721 0.642394 -2.245293 -0.318947 1.152070 -0.041911 0.266427 -0.278404 0.821884 1.028465 -0.002038 0.891942 0.117283 0.370021 0.318538 -0.175552 2.190813 3.094905 -0.030337 0.048741 12.495711 -0.175552 2.190813 -45.955095 -0.030337 0.048741 -36.554289 0.000000 0.000000 -49.050000 0.000000 0.000000 -49.050000 0.000000 0.000000 0.000000 0.000000 0.000000 0.000000 0.000000 0.000000 0.000000 0.000000 0.000000 0.000000 0.000000 0.000000 0.000000 0.000000 0.000000 0.000000 0.000000 0.000000 0.000000 0.000000 0.000000 0.000000
0.337649 0.000000 0.082547 0.095107 0.372326 1.308498 0.042712 0.139760 0.055607 0.075429 -0.008737 -0.132965 1.314442 0.139832 0.070407 -0.219863 0.064600 1.118416 -0.010815 -0.207106 0.061394 -0.061510 0.096068 -0.257629 -0.354690 -0.102534 -0.308567 0.048955 -0.121736 -0.113490 0.661647 -2.237906 -0.324689 1.162857 -0.038840 0.270015 -0.274312 0.826878 0.987572 -0.015630 0.888999 0.129237 0.369855 0.313831 -0.218475 2.225468 2.983811 -0.041434 -0.055215 12.491775 -0.218475 2.225468 -46.066189 -0.041434 -0.055215 -36.558225 0.000000 0.000000 -49.050000 0.000000 0.000000 -49.050000 0.000000 0.000000 0.000000 0.000000 0.000000 0.000000 0.000000 0.000000 0.000000 0.000000 0.000000 0.000000 0.000000 0.000000 0.000000 0.000000 0.000000 0.000000 0.000000 0.000000 0.000000 0.000000 0.000000 0.000000
0.376094 0.000000 0.082559 0.095119 0.372290 1.308510 0.042712 0.139772 0.055607 0.075405 -0.008713 -0.132977 1.314418 0.139856 0.070407 -0.219827 0.041987 1.152455 -0.003396 -0.229997 0.076620 -0.065542 0.098341 -0.293499 -0.348229 -0.097288 -0.325847 0.047553 -0.129538 -0.113175 0.638671 -2.203961 -0.317287 1.139666 -0.023626 0.265833 -0.272065 0.791736 0.993539 -0.010467 0.872203 0.127829 0.362222 0.314001 -0.182220 2.217875 3.539729 0.041567 -0.037713 12.526995 -0.182220 2.217875 -45.510271 0.041567 -0.037713 -36.523005 0.000000 0.000000 -49.050000 0.000000 0.000000 -49.050000 0.000000 0.000000 0.000000 0.000000 0.000000 0.000000 0.000000 0.000000 0.000000 0.000000 0.000000 0.000000 0.000000 0.000000 0.000000 0.000000 0.000000 0.000000 0.000000 0.000000 0.000000 0.000000 0.000000 0.000000
0.421687 0.000000 0.082547 0.095119 0.372326 1.308522 0.042724 0.139760 0.055583 0.075417 -0.008713 -0.132929 1.314442 0.139856 0.070407 -0.219863 0.052077 1.178909 0.004492 -0.237858 0.076987 -0.064350 0.103637 -0.316381 -0.360266 -0.108266 -0.345656 0.046630 -0.133293 -0.114756 0.648902 -2.177521 -0.309377 1.131889 -0.023242 0.267082 -0.266720 0.768390 0.981413 -0.021443 0.851984 0.126904 0.358313 0.312499 -0.234301 2.127542 4.463554 0.081713 -0.050016 12.844348 -0.234301 2.127542 -44.586446 0.081713 -0.050016 -36.205652 0.000000 0.000000 -49.050000 0.000000 0.000000 -49.050000 0.000000 0.000000 0.000000 0.000000 0.000000 0.000000 0.000000 0.000000 0.000000 0.000000 0.000000 0.000000 0.000000 0.000000 0.000000 0.000000 0.000000 0.000000 0.000000 0.000000 0.000000 0.000000 0.000000 0.000000
0.456985 0.000000 0.082547 0.095143 0.372326 1.308510 0.042700 0.139760 0.055583 0.075417 -0.008713 -0.132965 1.314442 0.139868 0.070407 -0.219863 0.047718 1.221692 0.012461 -0.247427 0.077460 -0.067492 0.106947 -0.307016 -0.375948 -0.105320 -0.341463 0.046303 -0.133838 -0.116562 0.644659 -2.135239 -0.301478 1.122538 -0.022781 0.264037 -0.263446 0.777720 0.965821 -0.018491 0.856180 0.126578 0.357772 0.310694 -0.216514 2.274293 4.232017 0.057716 -0.084163 12.880118 -0.216514 2.274293 -44.817983 0.057716 -0.084163 -36.169882 0.000000 0.000000 -49.050000 0.000000 0.000000 -49.050000 0.000000 0.000000 0.000000 0.000000 0.000000 0.000000 0.000000 0.000000 0.000000 0.000000 0.000000 0.000000 0.000000 0.000000 0.000000 0.000000 0.000000 0.000000 0.000000 0.000000 0.000000 0.000000 0.000000 0.000000
0.490510 0.000000 0.082559 0.095107 0.372326 1.308510 0.042664 0.139772 0.055607 0.075405 -0.008737 -0.132965 1.314442 0.139856 0.070419 -0.219863 0.031186 1.239846 0.014765 -0.255241 0.077664 -0.070084 0.109184 -0.298676 -0.390684 -0.103414 -0.336909 0.056592 -0.133334 -0.118348 0.627836 -2.116389 -0.299099 1.114417 -0.022571 0.261319 -0.261181 0.786244 0.951547 -0.016532 0.860848 0.136881 0.358298 0.308951 -0.165047 2.395873 3.787113 0.042315 -0.124080 12.794701 -0.165047 2.395873 -45.262887 0.042315 -0.124080 -36.255299 0.000000 0.000000 -49.050000 0.000000 0.000000 -49.050000 0.000000 0.000000 0.000000 0.000000 0.000000 0.000000 0.000000 0.000000 0.000000 0.000000 0.000000 0.000000 0.000000 0.000000 0.000000 0.000000 0.000000 0.000000 0.000000 0.000000 0.000000 0.000000 0.000000 0.000000
0.526242 0.000000 0.082559 0.095131 0.372326 1.308510 0.042676 0.139760 0.055607 0.075417 -0.008713 -0.133001 1.314418 0.139844 0.070407 -0.219863 0.053503 1.247991 0.019069 -0.240672 0.077737 -0.068552 0.110244 -0.316725 -0.370804 -0.097915 -0.345378 0.054034 -0.138142 -0.113495 0.650195 -2.108738 -0.294857 1.129129 -0.022506 0.262927 -0.260173 0.768238 0.971103 -0.011074 0.852544 0.134321 0.353572 0.313766 -0.194817 2.541899 3.052630 0.087899 -0.076160 12.781356 -0.194817 2.541899 -45.997370 0.087899 -0.076160 -36.268644 0.000000 0.000000 -49.050000 0.000000 0.000000 -49.050000 0.000000 0.000000 0.000000 0.000000 0.000000 0.000000 0.000000 0.000000 0.000000 0.000000 0.000000 0.000000 0.000000 0.000000 0.000000 0.000000 0.000000 0.000000 0.000000 0.000000 0.000000 0.000000 0.000000 0.000000
0.562624 0.000000 0.082547 0.095107 0.372314 1.308510 0.042724 0.139760 0.055607 0.075405 -0.008713 -0.132941 1.314430 0.139832 0.070407 -0.219875 0.042366 1.259282 0.008494 -0.251463 0.077707 -0.071841 0.111024 -0.323241 -0.393926 -0.108590 -0.348018 0.051974 -0.140278 -0.116251 0.639309 -2.096975 -0.305364 1.118356 -0.022526 0.259621 -0.259358 0.761878 0.947830 -0.021770 0.849886 0.132263 0.351425 0.311028 -0.183683 2.476037 3.584092 0.113070 -0.149388 12.592364 -0.183683 2.476037 -45.465908 0.113070 -0.149388 -36.457636 0.000000 0.000000 -49.050000 0.000000 0.000000 -49.050000 0.000000 0.000000 0.000000 0.000000 0.000000 0.000000 0.000000 0.000000 0.000000 0.000000 0.000000 0.000000 0.000000 0.000000 0.000000 0.000000 0.000000 0.000000 0.000000 0.000000 0.000000 0.000000 0.000000 0.000000
0.596163 0.000000 0.082559 0.095119 0.372314 1.308522 0.042688 0.139772 0.055619 0.075405 -0.008701 -0.133013 1.314418 0.139856 0.070407 -0.219863 0.069827 1.250486 0.011380 -0.241338 0.077329 -0.065134 0.109609 -0.318889 -0.394523 -0.115146 -0.335452 0.050787 -0.140327 -0.118898 0.666361 -2.105949 -0.302498 1.128223 -0.022918 0.266214 -0.260812 0.766296 0.947170 -0.028344 0.862577 0.131072 0.351422 0.308330 -0.266354 2.353720 4.172120 0.123230 -0.185813 12.117894 -0.266354 2.353720 -44.877880 0.123230 -0.185813 -36.932106 0.000000 0.000000 -49.050000 0.000000 0.000000 -49.050000 0.000000 0.000000 0.000000 0.000000 0.000000 0.000000 0.000000 0.000000 0.000000 0.000000 0.000000 0.000000 0.000000 0.000000 0.000000 0.000000 0.000000 0.000000 0.000000 0.000000 0.000000 0.000000 0.000000 0.000000
0.640039 0.000000 0.082547 0.095119 0.372314 1.308522 0.042688 0.139760 0.055619 0.075393 -0.008713 -0.132965 1.314418 0.139844 0.070407 -0.219863 0.056480 1.300684 0.004622 -0.260267 0.077988 -0.069385 0.114506 -0.325610 -0.379804 -0.107343 -0.354308 0.049098 -0.142225 -0.118300 0.653298 -2.055764 -0.309248 1.109463 -0.022252 0.262060 -0.255907 0.759851 0.962001 -0.020529 0.843857 0.129391 0.349578 0.308942 -0.249205 2.391870 4.657667 0.086259 -0.074704 13.181718 -0.249205 2.391870 -44.392333 0.086259 -0.074704 -35.868282 0.000000 0.000000 -49.050000 0.000000 0.000000 -49.050000 0.000000 0.000000 0.000000 0.000000 0.000000 0.000000 0.000000 0.000000 0.000000 0.000000 0.000000 0.000000 0.000000 0.000000 0.000000 0.000000 0.000000 0.000000 0.000000 0.000000 0.000000 0.000000 0.000000 0.000000
0.677989 0.000000 0.082535 0.095119 0.372326 1.308510 0.042688 0.139760 0.055583 0.075441 -0.008725 -0.132965 1.314418 0.139880 0.070395 -0.219863 0.025387 1.304553 -0.004302 -0.274898 0.077956 -0.074910 0.114297 -0.285214 -0.393718 -0.119456 -0.324828 0.048858 -0.137501 -0.121816 0.622572 -2.051899 -0.318171 1.095094 -0.022269 0.256640 -0.256038 0.799345 0.948338 -0.032568 0.872891 0.129139 0.354180 0.305463 -0.174758 2.406199 4.618318 0.011200 -0.142446 12.718774 -0.174758 2.406199 -44.431682 0.011200 -0.142446 -36.331226 0.000000 0.000000 -49.050000 0.000000 0.000000 -49.050000 0.000000 0.000000 0.000000 0.000000 0.000000 0.000000 0.000000 0.000000 0.000000 0.000000 0.000000 0.000000 0.000000 0.000000 0.000000 0.000000 0.000000 0.000000 0.000000 0.000000 0.000000 0.000000 0.000000 0.000000
0.708879 0.000000 0.082559 0.095119 0.372314 1.308474 0.042712 0.139772 0.055571 0.075429 -0.008713 -0.132905 1.314418 0.139856 0.070407 -0.219851 0.049147 1.293650 -0.008194 -0.267043 0.077827 -0.072287 0.113327 -0.330651 -0.382959 -0.110715 -0.339669 0.047532 -0.142057 -0.119073 0.646181 -2.062889 -0.322130 1.103040 -0.022409 0.259252 -0.257012 0.754164 0.958671 -0.023882 0.858108 0.127807 0.349600 0.308154 -0.251064 2.254156 5.343356 0.146973 -0.153184 12.175325 -0.251064 2.254156 -43.706644 0.146973 -0.153184 -36.874675 0.000000 0.000000 -49.050000 0.000000 0.000000 -49.050000 0.000000 0.000000 0.000000 0.000000 0.000000 0.000000 0.000000 0.000000 0.000000 0.000000 0.000000 0.000000 0.000000 0.000000 0.000000 0.000000 0.000000 0.000000 0.000000 0.000000 0.000000 0.000000 0.000000 0.000000
0.749621 0.000000 0.082547 0.095131 0.372302 1.308486 0.042688 0.139760 0.055607 0.075417 -0.008725 -0.132965 1.314418 0.139832 0.070407 -0.219851 0.048279 1.274615 -0.001910 -0.254546 0.090404 -0.072733 0.111167 -0.351205 -0.401023 -0.106572 -0.345999 0.046538 -0.144544 -0.120145 0.645470 -2.082155 -0.315852 1.115605 -0.009842 0.258875 -0.259246 0.733796 0.941009 -0.019706 0.851942 0.126825 0.347180 0.307115 -0.210997 2.427963 4.069362 0.215495 -0.222452 11.794926 -0.210997 2.427963 -44.980638 0.215495 -0.222452 -37.255074 0.000000 0.000000 -49.050000 0.000000 0.000000 -49.050000 0.000000 0.000000 0.000000 0.000000 0.000000 0.000000 0.000000 0.000000 0.000000 0.000000 0.000000 0.000000 0.000000 0.000000 0.000000 0.000000 0.000000 0.000000 0.000000 0.000000 0.000000 0.000000 0.000000 0.000000
0.787326 0.000000 0.082559 0.095119 0.372338 1.308486 0.042688 0.139760 0.055595 0.075417 -0.008713 -0.132941 1.314406 0.139820 0.070407 -0.219851 0.062244 1.283072 -0.005868 -0.256135 0.088076 -0.072689 0.111627 -0.340645 -0.379047 -0.101046 -0.343278 0.046179 -0.143317 -0.119043 0.659166 -2.073524 -0.319797 1.113898 -0.012160 0.258875 -0.258751 0.744510 0.962706 -0.014213 0.854778 0.126465 0.348442 0.308192 -0.267226 2.304652 4.904593 0.169599 -0.140502 12.181251 -0.267226 2.304652 -44.145407 0.169599 -0.140502 -36.868749 0.000000 0.000000 -49.050000 0.000000 0.000000 -49.050000 0.000000 0.000000 0.000000 0.000000 0.000000 0.000000 0.000000 0.000000 0.000000 0.000000 0.000000 0.000000 0.000000 0.000000 0.000000 0.000000 0.000000 0.000000 0.000000 0.000000 0.000000 0.000000 0.000000 0.000000
0.828006 0.000000 0.082559 0.095119 0.372314 1.308522 0.042712 0.139760 0.055607 0.075417 -0.008713 -0.132953 1.314418 0.139856 0.070395 -0.219863 0.065725 1.302612 0.002705 -0.246542 0.073555 -0.072987 0.112227 -0.329168 -0.408332 -0.113975 -0.355807 0.045737 -0.140456 -0.121916 0.662310 -2.053831 -0.311178 1.123072 -0.026684 0.258399 -0.258180 0.755879 0.933457 -0.027141 0.842151 0.126022 0.351303 0.305334 -0.227967 2.623088 3.325591 0.105888 -0.161365 12.961959 -0.227967 2.623088 -45.724409 0.105888 -0.161365 -36.088041 0.000000 0.000000 -49.050000 0.000000 0.000000 -49.050000 0.000000 0.000000 0.000000 0.000000 0.000000 0.000000 0.000000 0.000000 0.000000 0.000000 0.000000 0.000000 0.000000 0.000000 0.000000 0.000000 0.000000 0.000000 0.000000 0.000000 0.000000 0.000000 0.000000 0.000000
0.877719 0.000000 0.082559 0.095119 0.372314 1.308510 0.042712 0.139760 0.055607 0.075429 -0.008737 -0.132989 1.314418 0.139868 0.070407 -0.219875 0.042050 1.314180 -0.005827 -0.258270 0.074681 -0.080526 0.111433 -0.318372 -0.387530 -0.106150 -0.347777 0.045493 -0.138843 -0.124267 0.638754 -2.042308 -0.319726 1.111476 -0.025559 0.250911 -0.258975 0.766346 0.954837 -0.019235 0.850039 0.125789 0.352849 0.303060 -0.162897 2.691265 3.082936 0.062443 -0.089461 13.227009 -0.162897 2.691265 -45.967064 0.062443 -0.089461 -35.822991 0.000000 0.000000 -49.050000 0.000000 0.000000 -49.050000 0.000000 0.000000 0.000000 0.000000 0.000000 0.000000 0.000000 0.000000 0.000000 0.000000 0.000000 0.000000 0.000000 0.000000 0.000000 0.000000 0.000000 0.000000 0.000000 0.000000 0.000000 0.000000 0.000000 0.000000
0.919869 0.000000 0.082523 0.095119 0.372326 1.308510 0.042712 0.139772 0.055571 0.075417 -0.008725 -0.132905 1.314430 0.139832 0.070407 -0.219875 0.038503 1.313641 0.001224 -0.262978 0.075162 -0.079636 0.109964 -0.335975 -0.382252 -0.114246 -0.369184 0.044697 -0.143345 -0.122962 0.635884 -2.042784 -0.312626 1.107083 -0.025066 0.251896 -0.260350 0.748938 0.959650 -0.027390 0.828605 0.124986 0.348321 0.304341 -0.162648 2.648397 3.338570 0.073707 -0.035640 13.881578 -0.162648 2.648397 -45.711430 0.073707 -0.035640 -35.168422 0.000000 0.000000 -49.050000 0.000000 0.000000 -49.050000 0.000000 0.000000 0.000000 0.000000 0.000000 0.000000 0.000000 0.000000 0.000000 0.000000 0.000000 0.000000 0.000000 0.000000 0.000000 0.000000 0.000000 0.000000 0.000000 0.000000 0.000000 0.000000 0.000000 0.000000
0.962439 0.000000 0.082547 0.095107 0.372338 1.308486 0.042712 0.139760 0.055583 0.075417 -0.008713 -0.132989 1.314418 0.139832 0.070407 -0.219863 0.043748 1.290310 -0.007770 -0.263547 0.075704 -0.075893 0.110842 -0.308699 -0.372958 -0.108913 -0.352547 0.045190 -0.139196 -0.122617 0.640916 -2.066041 -0.321658 1.106561 -0.024521 0.255688 -0.259491 0.776278 0.968923 -0.022073 0.845378 0.125477 0.352517 0.304647 -0.212127 2.385504 4.528224 0.007469 -0.010173 13.878910 -0.212127 2.385504 -44.521776 0.007469 -0.010173 -35.171090 0.000000 0.000000 -49.050000 0.000000 0.000000 -49.050000 0.000000 0.000000 0.000000 0.000000 0.000000 0.000000 0.000000 0.000000 0.000000 0.000000 0.000000 0.000000 0.000000 0.000000 0.000000 0.000000 0.000000 0.000000 0.000000 0.000000 0.000000 0.000000 0.000000 0.000000
0.994933 0.000000 0.082547 0.095107 0.372386 1.308510 0.042688 0.139772 0.055583 0.075417 -0.008713 -0.133001 1.314442 0.139856 0.070419 -0.219851 0.051417 1.326977 0.002311 -0.268171 0.086600 -0.076647 0.113815 -0.336512 -0.388639 -0.104940 -0.373311 0.044376 -0.144236 -0.124244 0.648251 -2.029364 -0.311543 1.101683 -0.013628 0.254819 -0.256511 0.748158 0.953194 -0.018106 0.824298 0.124648 0.347329 0.302997 -0.229759 2.478675 4.529747 0.060088 -0.027649 14.179097 -0.229759 2.478675 -44.520253 0.060088 -0.027649 -34.870903 0.000000 0.000000 -49.050000 0.000000 0.000000 -49.050000 0.000000 0.000000 0.000000 0.000000 0.000000 0.000000 0.000000 0.000000 0.000000 0.000000 0.000000 0.000000 0.000000 0.000000 0.000000 0.000000 0.000000 0.000000 0.000000 0.000000 0.000000 0.000000 0.000000 0.000000
1.037060 0.000000 0.082547 0.095131 0.372314 1.308510 0.042700 0.139760 0.055607 0.075405 -0.008713 -0.132977 1.314418 0.139856 0.070419 -0.219887 0.050536 1.282998 0.004592 -0.266037 0.084243 -0.075698 0.109563 -0.325896 -0.374128 -0.100154 -0.377882 0.044339 -0.143268 -0.126094 0.647477 -2.073716 -0.309321 1.103870 -0.016001 0.255808 -0.260855 0.759257 0.967739 -0.013326 0.820099 0.124636 0.348438 0.301201 -0.246041 2.265000 5.157362 -0.011135 0.069126 15.046077 -0.246041 2.265000 -43.892638 -0.011135 0.069126 -34.003923 0.000000 0.000000 -49.050000 0.000000 0.000000 -49.050000 0.000000 0.000000 0.000000 0.000000 0.000000 0.000000 0.000000 0.000000 0.000000 0.000000 0.000000 0.000000 0.000000 0.000000 0.000000 0.000000 0.000000 0.000000 0.000000 0.000000 0.000000 0.000000 0.000000 0.000000
1.076287 0.000000 0.082547 0.095143 0.372302 1.308510 0.042712 0.139772 0.055607 0.075429 -0.008737 -0.132977 1.314442 0.139856 0.070407 -0.219863 0.077327 1.317837 0.013576 -0.261943 0.095762 -0.073349 0.112495 -0.325347 -0.374969 -0.097990 -0.383783 0.044306 -0.143539 -0.127723 0.674232 -2.039076 -0.300357 1.107944 -0.004497 0.258109 -0.257950 0.759142 0.967315 -0.011084 0.813777 0.124587 0.348053 0.299592 -0.312777 2.328514 5.300488 -0.035006 0.098851 15.493417 -0.312777 2.328514 -43.749512 -0.035006 0.098851 -33.556583 0.000000 0.000000 -49.050000 0.000000 0.000000 -49.050000 0.000000 0.000000 0.000000 0.000000 0.000000 0.000000 0.000000 0.000000 0.000000 0.000000 0.000000 0.000000 0.000000 0.000000 0.000000 0.000000 0.000000 0.000000 0.000000 0.000000 0.000000 0.000000 0.000000 0.000000
1.114232 0.000000 0.082547 0.095119 0.372326 1.308522 0.042724 0.139760 0.055595 0.075417 -0.008725 -0.132965 1.314418 0.139832 0.070407 -0.219851 0.062223 1.316757 0.015882 -0.268573 0.092101 -0.075575 0.110371 -0.314278 -0.397156 -0.109543 -0.373474 0.056147 -0.145410 -0.127601 0.659040 -2.039695 -0.297988 1.101175 -0.008133 0.255857 -0.260011 0.770724 0.944876 -0.022677 0.824467 0.136433 0.346315 0.299659 -0.272028 2.354280 5.139012 -0.031998 0.004496 14.950544 -0.272028 2.354280 -43.910988 -0.031998 0.004496 -34.099456 0.000000 0.000000 -49.050000 0.000000 0.000000 -49.050000 0.000000 0.000000 0.000000 0.000000 0.000000 0.000000 0.000000 0.000000 0.000000 0.000000 0.000000 0.000000 0.000000 0.000000 0.000000 0.000000 0.000000 0.000000 0.000000 0.000000 0.000000 0.000000 0.000000 0.000000
1.160010 0.000000 0.082535 0.095119 0.372326 1.308510 0.042676 0.139760 0.055583 0.075417 -0.008713 -0.132953 1.314430 0.139832 0.070407 -0.219863 0.041307 1.326652 0.018685 -0.280113 0.103423 -0.076816 0.110420 -0.353782 -0.386326 -0.117287 -0.377403 0.052861 -0.151734 -0.128353 0.638493 -2.029792 -0.295184 1.089877 0.003199 0.254740 -0.259909 0.731101 0.955442 -0.030457 0.820382 0.133142 0.339925 0.298910 -0.222381 2.391435 5.073482 0.101642 -0.032744 14.102671 -0.222381 2.391435 -43.976518 0.101642 -0.032744 -34.947329 0.000000 0.000000 -49.050000 0.000000 0.000000 -49.050000 0.000000 0.000000 0.000000 0.000000 0.000000 0.000000 0.000000 0.000000 0.000000 0.000000 0.000000 0.000000 0.000000 0.000000 0.000000 0.000000 0.000000 0.000000 0.000000 0.000000 0.000000 0.000000 0.000000 0.000000
1.194151 0.000000 0.082535 0.095119 0.372326 1.308510 0.042700 0.139736 0.055583 0.075417 -0.008713 -0.132965 1.314442 0.139856 0.070419 -0.219863 0.025860 1.331482 0.020579 -0.284552 0.109902 -0.077269 0.110201 -0.336599 -0.389484 -0.122858 -0.365770 0.051716 -0.147749 -0.127241 0.623136 -2.025008 -0.293302 1.085543 0.009689 0.254375 -0.260139 0.748094 0.952277 -0.036030 0.831828 0.131991 0.343811 0.300019 -0.173093 2.485893 4.594696 0.076014 -0.061049 13.815469 -0.173093 2.485893 -44.455304 0.076014 -0.061049 -35.234531 0.000000 0.000000 -49.050000 0.000000 0.000000 -49.050000 0.000000 0.000000 0.000000 0.000000 0.000000 0.000000 0.000000 0.000000 0.000000 0.000000 0.000000 0.000000 0.000000 0.000000 0.000000 0.000000 0.000000 0.000000 0.000000 0.000000 0.000000 0.000000 0.000000 0.000000
1.243454 0.000000 0.082547 0.095119 0.372326 1.308510 0.042700 0.139772 0.055571 0.075405 -0.008713 -0.133001 1.314442 0.139832 0.070407 -0.219863 0.065081 1.343160 0.026299 -0.270248 0.102007 -0.071598 0.111855 -0.340884 -0.407625 -0.114498 -0.382109 0.064815 -0.152815 -0.126365 0.661988 -2.013262 -0.287578 1.099575 0.001778 0.259848 -0.258469 0.744067 0.934250 -0.027672 0.815681 0.145097 0.338846 0.300901 -0.272212 2.472541 4.840528 0.058186 -0.057256 14.464499 -0.272212 2.472541 -44.209472 0.058186 -0.057256 -34.585501 0.000000 0.000000 -49.050000 0.000000 0.000000 -49.050000 0.000000 0.000000 0.000000 0.000000 0.000000 0.000000 0.000000 0.000000 0.000000 0.000000 0.000000 0.000000 0.000000 0.000000 0.000000 0.000000 0.000000 0.000000 0.000000 0.000000 0.000000 0.000000 0.000000 0.000000
1.271375 0.000000 0.082547 0.095131 0.372314 1.308510 0.042688 0.139772 0.055595 0.075429 -0.008725 -0.132989 1.314442 0.139832 0.070419 -0.219851 0.066308 1.323287 0.024846 -0.257749 0.107062 -0.070677 0.111385 -0.327127 -0.386822 -0.109206 -0.370455 0.062278 -0.148731 -0.124248 0.663211 -2.033381 -0.289059 1.112105 0.006818 0.260785 -0.259004 0.757324 0.955230 -0.022332 0.827054 0.142552 0.342799 0.303030 -0.248011 2.582984 3.907670 0.030730 -0.012833 14.339424 -0.248011 2.582984 -45.142330 0.030730 -0.012833 -34.710576 0.000000 0.000000 -49.050000 0.000000 0.000000 -49.050000 0.000000 0.000000 0.000000 0.000000 0.000000 0.000000 0.000000 0.000000 0.000000 0.000000 0.000000 0.000000 0.000000 0.000000 0.000000 0.000000 0.000000 0.000000 0.000000 0.000000 0.000000 0.000000 0.000000 0.000000
1.295103 0.000000 0.082559 0.095119 0.372314 1.308522 0.042700 0.139772 0.055583 0.075429 -0.008725 -0.132989 1.314418 0.139820 0.070407 -0.219863 0.079365 1.311964 0.025728 -0.253191 0.103503 -0.068727 0.112594 -0.327587 -0.373092 -0.104981 -0.375423 0.060112 -0.148315 -0.122965 0.675922 -2.044411 -0.288147 1.116369 0.003270 0.262615 -0.257760 0.757157 0.969034 -0.018098 0.822399 0.140400 0.343365 0.304333 -0.294044 2.468114 4.419775 0.013050 0.047330 14.709559 -0.294044 2.468114 -44.630225 0.013050 0.047330 -34.340441 0.000000 0.000000 -49.050000 0.000000 0.000000 -49.050000 0.000000 0.000000 0.000000 0.000000 0.000000 0.000000 0.000000 0.000000 0.000000 0.000000 0.000000 0.000000 0.000000 0.000000 0.000000 0.000000 0.000000 0.000000 0.000000 0.000000 0.000000 0.000000 0.000000 0.000000
1.339114 0.000000 0.082559 0.095131 0.372338 1.308486 0.042688 0.139772 0.055583 0.075417 -0.008713 -0.132977 1.314442 0.139832 0.070395 -0.219863 0.068596 1.309242 0.027252 -0.248297 0.097899 -0.072000 0.111757 -0.344858 -0.372544 -0.100831 -0.370773 0.056400 -0.148206 -0.122630 0.665478 -2.047552 -0.286698 1.121730 -0.002346 0.259529 -0.258620 0.739927 0.969285 -0.013997 0.826937 0.136677 0.343457 0.304640 -0.230361 2.677445 3.156855 0.093226 -0.006487 13.903070 -0.230361 2.677445 -45.893145 0.093226 -0.006487 -35.146930 0.000000 0.000000 -49.050000 0.000000 0.000000 -49.050000 0.000000 0.000000 0.000000 0.000000 0.000000 0.000000 0.000000 0.000000 0.000000 0.000000 0.000000 0.000000 0.000000 0.000000 0.000000 0.000000 0.000000 0.000000 0.000000 0.000000 0.000000 0.000000 0.000000 0.000000
1.391876 0.000000 0.082547 0.095107 0.372338 1.308510 0.042688 0.139784 0.055607 0.075417 -0.008725 -0.132965 1.314442 0.139832 0.070395 -0.219863 0.049423 1.306872 0.009749 -0.260996 0.092515 -0.075216 0.104699 -0.330779 -0.378458 -0.115323 -0.361098 0.053324 -0.146201 -0.123304 0.646249 -2.049387 -0.304097 1.108748 -0.007728 0.256176 -0.265670 0.754012 0.963576 -0.028459 0.836626 0.133606 0.345474 0.303987 -0.199123 2.573328 3.696875 0.071013 -0.040848 13.672841 -0.199123 2.573328 -45.353125 0.071013 -0.040848 -35.377159 0.000000 0.000000 -49.050000 0.000000 0.000000 -49.050000 0.000000 0.000000 0.000000 0.000000 0.000000 0.000000 0.000000 0.000000 0.000000 0.000000 0.000000 0.000000 0.000000 0.000000 0.000000 0.000000 0.000000 0.000000 0.000000 0.000000 0.000000 0.000000 0.000000 0.000000
1.431972 0.000000 0.082547 0.095119 0.372302 1.308498 0.042688 0.139772 0.055607 0.075405 -0.008725 -0.132965 1.314430 0.139820 0.070407 -0.219851 0.048011 1.313099 0.013894 -0.266237 0.089644 -0.074158 0.105778 -0.356378 -0.369906 -0.107932 -0.365180 0.063586 -0.148324 -0.121822 0.645040 -2.043374 -0.299999 1.103686 -0.010599 0.257332 -0.264612 0.728735 0.972110 -0.021078 0.832759 0.143872 0.343397 0.305440 -0.208560 2.521428 4.096037 0.159692 -0.056996 13.112661 -0.208560 2.521428 -44.953963 0.159692 -0.056996 -35.937339 0.000000 0.000000 -49.050000 0.000000 0.000000 -49.050000 0.000000 0.000000 0.000000 0.000000 0.000000 0.000000 0.000000 0.000000 0.000000 0.000000 0.000000 0.000000 0.000000 0.000000 0.000000 0.000000 0.000000 0.000000 0.000000 0.000000 0.000000 0.000000 0.000000 0.000000
1.484948 0.000000 0.082559 0.095131 0.372314 1.308510 0.042736 0.139796 0.055607 0.075417 -0.008713 -0.132989 1.314442 0.139856 0.070407 -0.219851 0.091061 1.327887 0.004167 -0.259629 0.086578 -0.070820 0.107879 -0.327835 -0.387038 -0.103291 -0.368325 0.058661 -0.144427 -0.122328 0.687621 -2.028803 -0.309742 1.110013 -0.013692 0.260468 -0.262562 0.756892 0.954776 -0.016458 0.829332 0.138932 0.347186 0.304911 -0.352851 2.293859 5.617595 0.047204 -0.030512 14.059660 -0.352851 2.293859 -43.432405 0.047204 -0.030512 -34.990340 0.000000 0.000000 -49.050000 0.000000 0.000000 -49.050000 0.000000 0.000000 0.000000 0.000000 0.000000 0.000000 0.000000 0.000000 0.000000 0.000000 0.000000 0.000000 0.000000 0.000000 0.000000 0.000000 0.000000 0.000000 0.000000 0.000000 0.000000 0.000000 0.000000 0.000000
1.522407 0.000000 0.082559 0.095107 0.372302 1.308486 0.042700 0.139724 0.055595 0.075429 -0.008737 -0.132929 1.314430 0.139832 0.070407 -0.219851 0.077477 1.299878 0.006656 -0.252072 0.084793 -0.073264 0.110792 -0.341250 -0.381968 -0.099958 -0.377508 0.055806 -0.145118 -0.122099 0.674581 -2.056454 -0.307261 1.118024 -0.015416 0.258413 -0.259565 0.743420 0.960192 -0.013060 0.820185 0.136088 0.346519 0.305190 -0.292077 2.400566 4.603924 0.071010 -0.006514 14.219959 -0.292077 2.400566 -44.446076 0.071010 -0.006514 -34.830041 0.000000 0.000000 -49.050000 0.000000 0.000000 -49.050000 0.000000 0.000000 0.000000 0.000000 0.000000 0.000000 0.000000 0.000000 0.000000 0.000000 0.000000 0.000000 0.000000 0.000000 0.000000 0.000000 0.000000 0.000000 0.000000 0.000000 0.000000 0.000000 0.000000 0.000000
# 记录总帧数: 38
