# 双臂GMO外力矩与触觉传感器标定对比实验 (v5: 含手自重补偿)
# 时间: 2026-09-03 14:52:57
# 左臂目标: [0.0, 0.0, 0.0, 1.57, 0.0, 0.0, 0.0]
# 右臂目标: [0.0, 0.0, 0.0, 1.57, 0.0, 0.0, 0.0]
# 手质量: 0.0kg
# 列说明:
#   1: time, 2: phase(0=move,1=hold)
#   3-9: left_q, 10-16: right_q
#   17-23: left_r_raw (GMO原始残差, Nm)
#   24-30: right_r_raw
#   31-37: left_r_comp (补偿手自重后残差, Nm)
#   38-44: right_r_comp
#   45-47: left_F_raw (GMO原始末端力, N)
#   48-50: right_F_raw
#   51-53: left_F_comp (补偿后末端力, N)
#   54-56: right_F_comp
#   57-59: left_F_hand (手自重末端力, N)
#   60-62: right_F_hand
#   63-67: left_nf1 (5指法向力), 68-72: right_nf1
#   73-77: left_tangential(5指), 78-82: right_tangential
#   83: left_n_sum, 84: right_n_sum, 85: left_t_sum, 86: right_t_sum
#================================================================================
0.001408 0.000000 0.082559 0.095107 0.372266 1.308474 0.042939 0.139760 0.055595 0.075417 -0.008653 -0.132977 1.313303 0.139880 0.070431 -0.219887 -0.005460 0.010607 -0.000112 -0.004721 0.001255 -0.001659 0.000680 -0.002218 -0.015695 -0.002790 -0.003712 0.000253 -0.001593 -0.002795 -0.005460 0.010607 -0.000112 -0.004721 0.001255 -0.001659 0.000680 -0.002218 -0.015695 -0.002790 -0.003712 0.000253 -0.001593 -0.002795 0.013306 0.027269 -0.006327 -0.001305 -0.030658 0.124330 0.013306 0.027269 -0.006327 -0.001305 -0.030658 0.124330 0.000000 0.000000 -0.000000 0.000000 0.000000 -0.000000 0.000000 0.000000 0.000000 0.000000 0.000000 0.000000 0.000000 0.000000 0.000000 0.000000 0.000000 0.000000 0.000000 0.000000 0.000000 0.000000 0.000000 0.000000 0.000000 0.000000 0.000000 0.000000 0.000000 0.000000
0.097338 0.000000 0.082547 0.095107 0.372290 1.308486 0.042916 0.139760 0.055595 0.075429 -0.008653 -0.132965 1.313303 0.139808 0.070407 -0.219875 0.036742 0.680135 -0.014091 -0.131180 0.067957 -0.036324 0.059086 -0.160076 -0.207230 -0.072008 -0.141464 0.020952 -0.071624 -0.058456 0.036742 0.680135 -0.014091 -0.131180 0.067957 -0.036324 0.059086 -0.160076 -0.207230 -0.072008 -0.141464 0.020952 -0.071624 -0.058456 -0.148360 1.237520 2.491177 0.147142 -0.241838 4.318853 -0.148360 1.237520 2.491177 0.147142 -0.241838 4.318853 0.000000 0.000000 -0.000000 0.000000 0.000000 -0.000000 0.000000 0.000000 0.000000 0.000000 0.000000 0.000000 0.000000 0.000000 0.000000 0.000000 0.000000 0.000000 0.000000 0.000000 0.000000 0.000000 0.000000 0.000000 0.000000 0.000000 0.000000 0.000000 0.000000 0.000000
0.132302 0.000000 0.082547 0.095107 0.372266 1.308486 0.042939 0.139760 0.055583 0.075429 -0.008653 -0.132977 1.313315 0.139868 0.070407 -0.219863 0.019625 0.781710 -0.008183 -0.147304 0.069432 -0.044177 0.065960 -0.193316 -0.242025 -0.074303 -0.174012 0.025119 -0.083031 -0.071447 0.019625 0.781710 -0.008183 -0.147304 0.069432 -0.044177 0.065960 -0.193316 -0.242025 -0.074303 -0.174012 0.025119 -0.083031 -0.071447 -0.060624 1.752204 0.941716 0.159998 -0.245729 5.534269 -0.060624 1.752204 0.941716 0.159998 -0.245729 5.534269 0.000000 0.000000 -0.000000 0.000000 0.000000 -0.000000 0.000000 0.000000 0.000000 0.000000 0.000000 0.000000 0.000000 0.000000 0.000000 0.000000 0.000000 0.000000 0.000000 0.000000 0.000000 0.000000 0.000000 0.000000 0.000000 0.000000 0.000000 0.000000 0.000000 0.000000
0.175059 0.000000 0.082535 0.095107 0.372278 1.308474 0.042939 0.139772 0.055607 0.075441 -0.008653 -0.132977 1.313315 0.139844 0.070419 -0.219851 0.020143 0.886409 -0.001667 -0.161703 0.071072 -0.051011 0.073928 -0.233036 -0.258152 -0.075881 -0.210016 0.042682 -0.098212 -0.081062 0.020143 0.886409 -0.001667 -0.161703 0.071072 -0.051011 0.073928 -0.233036 -0.258152 -0.075881 -0.210016 0.042682 -0.098212 -0.081062 -0.035329 2.149163 0.127972 0.188264 -0.201953 6.781334 -0.035329 2.149163 0.127972 0.188264 -0.201953 6.781334 0.000000 0.000000 -0.000000 0.000000 0.000000 -0.000000 0.000000 0.000000 0.000000 0.000000 0.000000 0.000000 0.000000 0.000000 0.000000 0.000000 0.000000 0.000000 0.000000 0.000000 0.000000 0.000000 0.000000 0.000000 0.000000 0.000000 0.000000 0.000000 0.000000 0.000000
0.211388 0.000000 0.082547 0.095119 0.372314 1.308474 0.042939 0.139772 0.055595 0.075429 -0.008665 -0.132965 1.313303 0.139892 0.070407 -0.219863 0.043190 0.986742 0.007277 -0.168688 0.072564 -0.058188 0.082631 -0.253942 -0.276449 -0.076926 -0.237853 0.053872 -0.107988 -0.088086 0.043190 0.986742 0.007277 -0.168688 0.072564 -0.058188 0.082631 -0.253942 -0.276449 -0.076926 -0.237853 0.053872 -0.107988 -0.088086 -0.073492 2.464654 -0.264191 0.176952 -0.166788 7.959612 -0.073492 2.464654 -0.264191 0.176952 -0.166788 7.959612 0.000000 0.000000 -0.000000 0.000000 0.000000 -0.000000 0.000000 0.000000 0.000000 0.000000 0.000000 0.000000 0.000000 0.000000 0.000000 0.000000 0.000000 0.000000 0.000000 0.000000 0.000000 0.000000 0.000000 0.000000 0.000000 0.000000 0.000000 0.000000 0.000000 0.000000
0.247725 0.000000 0.082571 0.095131 0.372290 1.308486 0.042951 0.139760 0.055595 0.075441 -0.008653 -0.132989 1.313315 0.139844 0.070407 -0.219875 0.044553 1.075753 0.002870 -0.193874 0.074009 -0.067099 0.089643 -0.286242 -0.309474 -0.090947 -0.261488 0.051942 -0.116010 -0.094655 0.044553 1.075753 0.002870 -0.193874 0.074009 -0.067099 0.089643 -0.286242 -0.309474 -0.090947 -0.261488 0.051942 -0.116010 -0.094655 -0.103134 2.507462 0.757631 0.237173 -0.231624 8.280250 -0.103134 2.507462 0.757631 0.237173 -0.231624 8.280250 0.000000 0.000000 -0.000000 0.000000 0.000000 -0.000000 0.000000 0.000000 0.000000 0.000000 0.000000 0.000000 0.000000 0.000000 0.000000 0.000000 0.000000 0.000000 0.000000 0.000000 0.000000 0.000000 0.000000 0.000000 0.000000 0.000000 0.000000 0.000000 0.000000 0.000000
0.272074 0.000000 0.082559 0.095107 0.372290 1.308486 0.042939 0.139760 0.055583 0.075429 -0.008653 -0.133001 1.313303 0.139892 0.070419 -0.219875 0.037740 1.097184 0.004681 -0.205261 0.074368 -0.071077 0.090651 -0.266474 -0.322765 -0.099191 -0.252912 0.059251 -0.115065 -0.100128 0.037740 1.097184 0.004681 -0.205261 0.074368 -0.071077 0.090651 -0.266474 -0.322765 -0.099191 -0.252912 0.059251 -0.115065 -0.100128 -0.097073 2.495476 1.142068 0.176968 -0.251785 8.483235 -0.097073 2.495476 1.142068 0.176968 -0.251785 8.483235 0.000000 0.000000 -0.000000 0.000000 0.000000 -0.000000 0.000000 0.000000 0.000000 0.000000 0.000000 0.000000 0.000000 0.000000 0.000000 0.000000 0.000000 0.000000 0.000000 0.000000 0.000000 0.000000 0.000000 0.000000 0.000000 0.000000 0.000000 0.000000 0.000000 0.000000
0.296394 0.000000 0.082547 0.095107 0.372278 1.308474 0.042939 0.139760 0.055607 0.075441 -0.008665 -0.132965 1.313315 0.139856 0.070407 -0.219863 0.046321 1.119200 0.007344 -0.210680 0.074664 -0.070640 0.092424 -0.282018 -0.317378 -0.095649 -0.269552 0.057039 -0.120850 -0.101244 0.046321 1.119200 0.007344 -0.210680 0.074664 -0.070640 0.092424 -0.282018 -0.317378 -0.095649 -0.269552 0.057039 -0.120850 -0.101244 -0.135293 2.444483 1.759996 0.178878 -0.191401 9.169345 -0.135293 2.444483 1.759996 0.178878 -0.191401 9.169345 0.000000 0.000000 -0.000000 0.000000 0.000000 -0.000000 0.000000 0.000000 0.000000 0.000000 0.000000 0.000000 0.000000 0.000000 0.000000 0.000000 0.000000 0.000000 0.000000 0.000000 0.000000 0.000000 0.000000 0.000000 0.000000 0.000000 0.000000 0.000000 0.000000 0.000000
0.318222 0.000000 0.082547 0.095119 0.372314 1.308486 0.042927 0.139760 0.055607 0.075429 -0.008665 -0.133001 1.313315 0.139856 0.070407 -0.219851 0.043725 1.137556 0.009217 -0.218227 0.081797 -0.071402 0.093603 -0.283642 -0.331412 -0.096056 -0.276644 0.055633 -0.124311 -0.105835 0.043725 1.137556 0.009217 -0.218227 0.081797 -0.071402 0.093603 -0.283642 -0.331412 -0.096056 -0.276644 0.055633 -0.124311 -0.105835 -0.138569 2.436962 2.073194 0.155501 -0.191339 9.673006 -0.138569 2.436962 2.073194 0.155501 -0.191339 9.673006 0.000000 0.000000 -0.000000 0.000000 0.000000 -0.000000 0.000000 0.000000 0.000000 0.000000 0.000000 0.000000 0.000000 0.000000 0.000000 0.000000 0.000000 0.000000 0.000000 0.000000 0.000000 0.000000 0.000000 0.000000 0.000000 0.000000 0.000000 0.000000 0.000000 0.000000
0.351737 0.000000 0.082547 0.095083 0.372278 1.308486 0.042963 0.139772 0.055607 0.075429 -0.008653 -0.133001 1.313315 0.139796 0.070419 -0.219863 0.046448 1.171942 0.003024 -0.222848 0.070687 -0.073144 0.096534 -0.289725 -0.351102 -0.105601 -0.287914 0.053687 -0.127369 -0.108875 0.046448 1.171942 0.003024 -0.222848 0.070687 -0.073144 0.096534 -0.289725 -0.351102 -0.105601 -0.287914 0.053687 -0.127369 -0.108875 -0.144509 2.515600 2.088394 0.151050 -0.216334 10.059327 -0.144509 2.515600 2.088394 0.151050 -0.216334 10.059327 0.000000 0.000000 -0.000000 0.000000 0.000000 -0.000000 0.000000 0.000000 0.000000 0.000000 0.000000 0.000000 0.000000 0.000000 0.000000 0.000000 0.000000 0.000000 0.000000 0.000000 0.000000 0.000000 0.000000 0.000000 0.000000 0.000000 0.000000 0.000000 0.000000 0.000000
0.424002 0.000000 0.082559 0.095095 0.372266 1.308474 0.042892 0.139760 0.055607 0.075429 -0.008653 -0.132989 1.313303 0.139856 0.070419 -0.219875 0.055722 1.228131 0.013127 -0.219141 0.095871 -0.075099 0.100868 -0.307378 -0.338865 -0.119003 -0.312274 0.072746 -0.134601 -0.111940 0.055722 1.228131 0.013127 -0.219141 0.095871 -0.075099 0.100868 -0.307378 -0.338865 -0.119003 -0.312274 0.072746 -0.134601 -0.111940 -0.124760 2.892639 0.709757 0.139328 -0.120316 11.100977 -0.124760 2.892639 0.709757 0.139328 -0.120316 11.100977 0.000000 0.000000 -0.000000 0.000000 0.000000 -0.000000 0.000000 0.000000 0.000000 0.000000 0.000000 0.000000 0.000000 0.000000 0.000000 0.000000 0.000000 0.000000 0.000000 0.000000 0.000000 0.000000 0.000000 0.000000 0.000000 0.000000 0.000000 0.000000 0.000000 0.000000
0.462171 0.000000 0.082535 0.095107 0.372278 1.308474 0.042916 0.139772 0.055607 0.075429 -0.008653 -0.132989 1.313327 0.139808 0.070395 -0.219863 0.069512 1.242546 0.016037 -0.227064 0.104211 -0.071340 0.101946 -0.314320 -0.354293 -0.113663 -0.321852 0.066880 -0.138081 -0.114153 0.069512 1.242546 0.016037 -0.227064 0.104211 -0.071340 0.101946 -0.314320 -0.354293 -0.113663 -0.321852 0.066880 -0.138081 -0.114153 -0.201424 2.679878 2.167796 0.136278 -0.129584 11.493413 -0.201424 2.679878 2.167796 0.136278 -0.129584 11.493413 0.000000 0.000000 -0.000000 0.000000 0.000000 -0.000000 0.000000 0.000000 0.000000 0.000000 0.000000 0.000000 0.000000 0.000000 0.000000 0.000000 0.000000 0.000000 0.000000 0.000000 0.000000 0.000000 0.000000 0.000000 0.000000 0.000000 0.000000 0.000000 0.000000 0.000000
0.509305 0.000000 0.082559 0.095119 0.372290 1.308486 0.042963 0.139772 0.055607 0.075441 -0.008653 -0.132977 1.313327 0.139856 0.070407 -0.219863 0.062482 1.279898 0.020836 -0.243280 0.098368 -0.074179 0.104960 -0.348116 -0.372879 -0.106826 -0.320977 0.061134 -0.142310 -0.118444 0.062482 1.279898 0.020836 -0.243280 0.098368 -0.074179 0.104960 -0.348116 -0.372879 -0.106826 -0.320977 0.061134 -0.142310 -0.118444 -0.202375 2.668892 2.775691 0.263787 -0.242757 10.500150 -0.202375 2.668892 2.775691 0.263787 -0.242757 10.500150 0.000000 0.000000 -0.000000 0.000000 0.000000 -0.000000 0.000000 0.000000 0.000000 0.000000 0.000000 0.000000 0.000000 0.000000 0.000000 0.000000 0.000000 0.000000 0.000000 0.000000 0.000000 0.000000 0.000000 0.000000 0.000000 0.000000 0.000000 0.000000 0.000000 0.000000
0.543729 0.000000 0.082547 0.095107 0.372266 1.308462 0.042951 0.139772 0.055595 0.075429 -0.008653 -0.133013 1.313303 0.139856 0.070407 -0.219863 0.067596 1.302479 0.012200 -0.248049 0.105676 -0.072593 0.105736 -0.335752 -0.381710 -0.103498 -0.322896 0.058214 -0.141993 -0.119058 0.067596 1.302479 0.012200 -0.248049 0.105676 -0.072593 0.105736 -0.335752 -0.381710 -0.103498 -0.322896 0.058214 -0.141993 -0.119058 -0.230360 2.631968 3.297724 0.210554 -0.229135 10.984325 -0.230360 2.631968 3.297724 0.210554 -0.229135 10.984325 0.000000 0.000000 -0.000000 0.000000 0.000000 -0.000000 0.000000 0.000000 0.000000 0.000000 0.000000 0.000000 0.000000 0.000000 0.000000 0.000000 0.000000 0.000000 0.000000 0.000000 0.000000 0.000000 0.000000 0.000000 0.000000 0.000000 0.000000 0.000000 0.000000 0.000000
0.581647 0.000000 0.082547 0.095131 0.372290 1.308474 0.042963 0.139760 0.055595 0.075441 -0.008665 -0.132977 1.313315 0.139880 0.070407 -0.219851 0.056917 1.302108 0.002601 -0.256456 0.100359 -0.074864 0.105365 -0.325281 -0.389209 -0.100462 -0.312294 0.055660 -0.141346 -0.119257 0.056917 1.302108 0.002601 -0.256456 0.100359 -0.074864 0.105365 -0.325281 -0.389209 -0.100462 -0.312294 0.055660 -0.141346 -0.119257 -0.220258 2.538663 3.821188 0.200624 -0.266203 10.688279 -0.220258 2.538663 3.821188 0.200624 -0.266203 10.688279 0.000000 0.000000 -0.000000 0.000000 0.000000 -0.000000 0.000000 0.000000 0.000000 0.000000 0.000000 0.000000 0.000000 0.000000 0.000000 0.000000 0.000000 0.000000 0.000000 0.000000 0.000000 0.000000 0.000000 0.000000 0.000000 0.000000 0.000000 0.000000 0.000000 0.000000
0.619344 0.000000 0.082547 0.095107 0.372266 1.308486 0.042916 0.139772 0.055595 0.075429 -0.008665 -0.132989 1.313303 0.139856 0.070407 -0.219863 0.059336 1.324129 -0.001929 -0.261423 0.108183 -0.072806 0.107796 -0.321121 -0.398485 -0.098392 -0.317565 0.053441 -0.141529 -0.122689 0.059336 1.324129 -0.001929 -0.261423 0.108183 -0.072806 0.107796 -0.321121 -0.398485 -0.098392 -0.317565 0.053441 -0.141529 -0.122689 -0.239400 2.521871 4.226637 0.162174 -0.251142 11.223067 -0.239400 2.521871 4.226637 0.162174 -0.251142 11.223067 0.000000 0.000000 -0.000000 0.000000 0.000000 -0.000000 0.000000 0.000000 0.000000 0.000000 0.000000 0.000000 0.000000 0.000000 0.000000 0.000000 0.000000 0.000000 0.000000 0.000000 0.000000 0.000000 0.000000 0.000000 0.000000 0.000000 0.000000 0.000000 0.000000 0.000000
0.667485 0.000000 0.082547 0.095119 0.372326 1.308462 0.042951 0.139784 0.055595 0.075441 -0.008653 -0.132941 1.313315 0.139892 0.070431 -0.219863 0.075753 1.294079 -0.010938 -0.261424 0.100506 -0.072507 0.106114 -0.314302 -0.382550 -0.110262 -0.321296 0.051442 -0.143926 -0.124895 0.075753 1.294079 -0.010938 -0.261424 0.100506 -0.072507 0.106114 -0.314302 -0.382550 -0.110262 -0.321296 0.051442 -0.143926 -0.124895 -0.327583 2.149877 5.959157 0.108353 -0.169123 11.918693 -0.327583 2.149877 5.959157 0.108353 -0.169123 11.918693 0.000000 0.000000 -0.000000 0.000000 0.000000 -0.000000 0.000000 0.000000 0.000000 0.000000 0.000000 0.000000 0.000000 0.000000 0.000000 0.000000 0.000000 0.000000 0.000000 0.000000 0.000000 0.000000 0.000000 0.000000 0.000000 0.000000 0.000000 0.000000 0.000000 0.000000
0.706048 0.000000 0.082547 0.095119 0.372266 1.308462 0.042963 0.139772 0.055595 0.075429 -0.008677 -0.132977 1.313303 0.139904 0.070407 -0.219851 0.082324 1.299243 -0.015301 -0.265109 0.096175 -0.077523 0.106337 -0.322315 -0.386434 -0.106163 -0.318123 0.049735 -0.145662 -0.126729 0.082324 1.299243 -0.015301 -0.265109 0.096175 -0.077523 0.106337 -0.322315 -0.386434 -0.106163 -0.318123 0.049735 -0.145662 -0.126729 -0.358484 2.053430 6.594836 0.141728 -0.199743 11.594289 -0.358484 2.053430 6.594836 0.141728 -0.199743 11.594289 0.000000 0.000000 -0.000000 0.000000 0.000000 -0.000000 0.000000 0.000000 0.000000 0.000000 0.000000 0.000000 0.000000 0.000000 0.000000 0.000000 0.000000 0.000000 0.000000 0.000000 0.000000 0.000000 0.000000 0.000000 0.000000 0.000000 0.000000 0.000000 0.000000 0.000000
0.746531 0.000000 0.082547 0.095119 0.372266 1.308486 0.042916 0.139772 0.055583 0.075429 -0.008653 -0.133013 1.313315 0.139856 0.070407 -0.219875 0.088068 1.295490 -0.006374 -0.248021 0.092167 -0.074747 0.106190 -0.337849 -0.372213 -0.113387 -0.324582 0.048419 -0.145576 -0.124965 0.088068 1.295490 -0.006374 -0.248021 0.092167 -0.074747 0.106190 -0.337849 -0.372213 -0.113387 -0.324582 0.048419 -0.145576 -0.124965 -0.321265 2.343693 4.850832 0.185836 -0.178125 11.456022 -0.321265 2.343693 4.850832 0.185836 -0.178125 11.456022 0.000000 0.000000 -0.000000 0.000000 0.000000 -0.000000 0.000000 0.000000 0.000000 0.000000 0.000000 0.000000 0.000000 0.000000 0.000000 0.000000 0.000000 0.000000 0.000000 0.000000 0.000000 0.000000 0.000000 0.000000 0.000000 0.000000 0.000000 0.000000 0.000000 0.000000
0.789047 0.000000 0.082547 0.095107 0.372326 1.308474 0.042916 0.139772 0.055595 0.075453 -0.008653 -0.132905 1.313327 0.139868 0.070407 -0.219875 0.083314 1.308347 0.001773 -0.254624 0.102644 -0.079549 0.107048 -0.350335 -0.392628 -0.108888 -0.331534 0.060659 -0.146385 -0.125096 0.083314 1.308347 0.001773 -0.254624 0.102644 -0.079549 0.107048 -0.350335 -0.392628 -0.108888 -0.331534 0.060659 -0.146385 -0.125096 -0.308128 2.380332 4.845654 0.230397 -0.242469 11.220009 -0.308128 2.380332 4.845654 0.230397 -0.242469 11.220009 0.000000 0.000000 -0.000000 0.000000 0.000000 -0.000000 0.000000 0.000000 0.000000 0.000000 0.000000 0.000000 0.000000 0.000000 0.000000 0.000000 0.000000 0.000000 0.000000 0.000000 0.000000 0.000000 0.000000 0.000000 0.000000 0.000000 0.000000 0.000000 0.000000 0.000000
0.833483 0.000000 0.082559 0.095119 0.372266 1.308462 0.042927 0.139772 0.055595 0.075429 -0.008653 -0.133001 1.313327 0.139832 0.070407 -0.219863 0.068138 1.319618 0.008304 -0.264707 0.097200 -0.078096 0.107478 -0.334554 -0.380453 -0.117849 -0.331167 0.057251 -0.144564 -0.126694 0.068138 1.319618 0.008304 -0.264707 0.097200 -0.078096 0.107478 -0.334554 -0.380453 -0.117849 -0.331167 0.057251 -0.144564 -0.126694 -0.276287 2.399260 4.903638 0.158877 -0.172236 11.847008 -0.276287 2.399260 4.903638 0.158877 -0.172236 11.847008 0.000000 0.000000 -0.000000 0.000000 0.000000 -0.000000 0.000000 0.000000 0.000000 0.000000 0.000000 0.000000 0.000000 0.000000 0.000000 0.000000 0.000000 0.000000 0.000000 0.000000 0.000000 0.000000 0.000000 0.000000 0.000000 0.000000 0.000000 0.000000 0.000000 0.000000
0.876002 0.000000 0.082559 0.095107 0.372290 1.308486 0.042916 0.139772 0.055595 0.075429 -0.008677 -0.132989 1.313327 0.139844 0.070407 -0.219863 0.057506 1.353296 0.016660 -0.270128 0.093617 -0.082641 0.110838 -0.322372 -0.392644 -0.126766 -0.317043 0.054451 -0.143134 -0.129979 0.057506 1.353296 0.016660 -0.270128 0.093617 -0.082641 0.110838 -0.322372 -0.392644 -0.126766 -0.317043 0.054451 -0.143134 -0.129979 -0.223647 2.638932 3.999562 0.149270 -0.233759 11.417984 -0.223647 2.638932 3.999562 0.149270 -0.233759 11.417984 0.000000 0.000000 -0.000000 0.000000 0.000000 -0.000000 0.000000 0.000000 0.000000 0.000000 0.000000 0.000000 0.000000 0.000000 0.000000 0.000000 0.000000 0.000000 0.000000 0.000000 0.000000 0.000000 0.000000 0.000000 0.000000 0.000000 0.000000 0.000000 0.000000 0.000000
0.923506 0.000000 0.082559 0.095119 0.372266 1.308462 0.042951 0.139760 0.055595 0.075429 -0.008665 -0.132881 1.313303 0.139856 0.070407 -0.219887 0.049484 1.333561 0.017828 -0.273198 0.089690 -0.079291 0.104153 -0.332421 -0.401434 -0.131491 -0.330837 0.051470 -0.146396 -0.130904 0.049484 1.333561 0.017828 -0.273198 0.089690 -0.079291 0.104153 -0.332421 -0.401434 -0.131491 -0.330837 0.051470 -0.146396 -0.130904 -0.213983 2.541355 4.282586 0.151714 -0.227041 11.861996 -0.213983 2.541355 4.282586 0.151714 -0.227041 11.861996 0.000000 0.000000 -0.000000 0.000000 0.000000 -0.000000 0.000000 0.000000 0.000000 0.000000 0.000000 0.000000 0.000000 0.000000 0.000000 0.000000 0.000000 0.000000 0.000000 0.000000 0.000000 0.000000 0.000000 0.000000 0.000000 0.000000 0.000000 0.000000 0.000000 0.000000
0.983885 0.000000 0.082547 0.095107 0.372350 1.308486 0.042939 0.139772 0.055583 0.075429 -0.008653 -0.132929 1.313315 0.139868 0.070407 -0.219863 0.053586 1.348108 0.004467 -0.274994 0.086323 -0.078356 0.106617 -0.339492 -0.371458 -0.134125 -0.338690 0.049227 -0.154042 -0.125425 0.053586 1.348108 0.004467 -0.274994 0.086323 -0.078356 0.106617 -0.339492 -0.371458 -0.134125 -0.338690 0.049227 -0.154042 -0.125425 -0.235965 2.504142 4.680862 0.150354 -0.128489 12.263976 -0.235965 2.504142 4.680862 0.150354 -0.128489 12.263976 0.000000 0.000000 -0.000000 0.000000 0.000000 -0.000000 0.000000 0.000000 0.000000 0.000000 0.000000 0.000000 0.000000 0.000000 0.000000 0.000000 0.000000 0.000000 0.000000 0.000000 0.000000 0.000000 0.000000 0.000000 0.000000 0.000000 0.000000 0.000000 0.000000 0.000000
1.025747 0.000000 0.082547 0.095107 0.372278 1.308474 0.042939 0.139784 0.055595 0.075441 -0.008653 -0.133013 1.313315 0.139868 0.070395 -0.219863 0.058521 1.318464 0.007316 -0.282476 0.084100 -0.079977 0.107352 -0.328224 -0.383525 -0.124360 -0.324451 0.048082 -0.151174 -0.125000 0.058521 1.318464 0.007316 -0.282476 0.084100 -0.079977 0.107352 -0.328224 -0.383525 -0.124360 -0.324451 0.048082 -0.151174 -0.125000 -0.301071 2.120741 6.516994 0.152569 -0.192366 11.700365 -0.301071 2.120741 6.516994 0.152569 -0.192366 11.700365 0.000000 0.000000 -0.000000 0.000000 0.000000 -0.000000 0.000000 0.000000 0.000000 0.000000 0.000000 0.000000 0.000000 0.000000 0.000000 0.000000 0.000000 0.000000 0.000000 0.000000 0.000000 0.000000 0.000000 0.000000 0.000000 0.000000 0.000000 0.000000 0.000000 0.000000
1.063523 0.000000 0.082547 0.095119 0.372266 1.308462 0.042916 0.139784 0.055595 0.075441 -0.008653 -0.133037 1.313327 0.139880 0.070407 -0.219863 0.078796 1.337358 0.002723 -0.264030 0.095043 -0.074768 0.109849 -0.320217 -0.391612 -0.129483 -0.313436 0.047542 -0.150808 -0.124302 0.078796 1.337358 0.002723 -0.264030 0.095043 -0.074768 0.109849 -0.320217 -0.391612 -0.129483 -0.313436 0.047542 -0.150808 -0.124302 -0.312122 2.385125 5.224144 0.160141 -0.248370 11.190821 -0.312122 2.385125 5.224144 0.160141 -0.248370 11.190821 0.000000 0.000000 -0.000000 0.000000 0.000000 -0.000000 0.000000 0.000000 0.000000 0.000000 0.000000 0.000000 0.000000 0.000000 0.000000 0.000000 0.000000 0.000000 0.000000 0.000000 0.000000 0.000000 0.000000 0.000000 0.000000 0.000000 0.000000 0.000000 0.000000 0.000000
1.119191 0.000000 0.082559 0.095119 0.372314 1.308498 0.042951 0.139772 0.055583 0.075441 -0.008665 -0.133025 1.313315 0.139892 0.070407 -0.219851 0.033187 1.345275 -0.007250 -0.277955 0.090414 -0.075765 0.109148 -0.355093 -0.379260 -0.116283 -0.331220 0.028726 -0.152315 -0.122758 0.033187 1.345275 -0.007250 -0.277955 0.090414 -0.075765 0.109148 -0.355093 -0.379260 -0.116283 -0.331220 0.028726 -0.152315 -0.122758 -0.181186 2.555585 4.316247 0.237803 -0.209688 11.282179 -0.181186 2.555585 4.316247 0.237803 -0.209688 11.282179 0.000000 0.000000 -0.000000 0.000000 0.000000 -0.000000 0.000000 0.000000 0.000000 0.000000 0.000000 0.000000 0.000000 0.000000 0.000000 0.000000 0.000000 0.000000 0.000000 0.000000 0.000000 0.000000 0.000000 0.000000 0.000000 0.000000 0.000000 0.000000 0.000000 0.000000
1.191761 0.000000 0.082559 0.095119 0.372290 1.308474 0.042951 0.139760 0.055595 0.075441 -0.008653 -0.132953 1.313339 0.139880 0.070419 -0.219875 0.047320 1.327657 0.005514 -0.273500 0.085613 -0.065985 0.108150 -0.359106 -0.409802 -0.107630 -0.335038 0.034280 -0.148801 -0.123922 0.047320 1.327657 0.005514 -0.273500 0.085613 -0.065985 0.108150 -0.359106 -0.409802 -0.107630 -0.335038 0.034280 -0.148801 -0.123922 -0.238439 2.398565 4.996631 0.260968 -0.295605 11.063454 -0.238439 2.398565 4.996631 0.260968 -0.295605 11.063454 0.000000 0.000000 -0.000000 0.000000 0.000000 -0.000000 0.000000 0.000000 0.000000 0.000000 0.000000 0.000000 0.000000 0.000000 0.000000 0.000000 0.000000 0.000000 0.000000 0.000000 0.000000 0.000000 0.000000 0.000000 0.000000 0.000000 0.000000 0.000000 0.000000 0.000000
1.257108 0.000000 0.082559 0.095119 0.372290 1.308510 0.042939 0.139760 0.055595 0.075441 -0.008653 -0.132989 1.313315 0.139856 0.070407 -0.219875 0.032604 1.314682 0.012091 -0.271670 0.103264 -0.060711 0.106784 -0.329739 -0.377710 -0.099285 -0.330640 0.037822 -0.144349 -0.121787 0.032604 1.314682 0.012091 -0.271670 0.103264 -0.060711 0.106784 -0.329739 -0.377710 -0.099285 -0.330640 0.037822 -0.144349 -0.121787 -0.186710 2.492221 4.275427 0.144333 -0.151278 11.965344 -0.186710 2.492221 4.275427 0.144333 -0.151278 11.965344 0.000000 0.000000 -0.000000 0.000000 0.000000 -0.000000 0.000000 0.000000 0.000000 0.000000 0.000000 0.000000 0.000000 0.000000 0.000000 0.000000 0.000000 0.000000 0.000000 0.000000 0.000000 0.000000 0.000000 0.000000 0.000000 0.000000 0.000000 0.000000 0.000000 0.000000
1.316849 0.000000 0.082559 0.095119 0.372302 1.308486 0.042939 0.139772 0.055583 0.075429 -0.008653 -0.132977 1.313327 0.139868 0.070407 -0.219875 0.024638 1.333462 0.019229 -0.255018 0.114586 -0.071103 0.108723 -0.336241 -0.404249 -0.096541 -0.341238 0.057896 -0.146925 -0.122631 0.024638 1.333462 0.019229 -0.255018 0.114586 -0.071103 0.108723 -0.336241 -0.404249 -0.096541 -0.341238 0.057896 -0.146925 -0.122631 -0.067763 3.096361 1.031134 0.156780 -0.205237 12.096240 -0.067763 3.096361 1.031134 0.156780 -0.205237 12.096240 0.000000 0.000000 -0.000000 0.000000 0.000000 -0.000000 0.000000 0.000000 0.000000 0.000000 0.000000 0.000000 0.000000 0.000000 0.000000 0.000000 0.000000 0.000000 0.000000 0.000000 0.000000 0.000000 0.000000 0.000000 0.000000 0.000000 0.000000 0.000000 0.000000 0.000000
1.361423 0.000000 0.082547 0.095119 0.372302 1.308486 0.042916 0.139772 0.055583 0.075441 -0.008653 -0.133001 1.313327 0.139844 0.070407 -0.219875 0.041202 1.320448 0.006936 -0.253666 0.106258 -0.070095 0.110747 -0.348452 -0.390058 -0.078977 -0.349247 0.054415 -0.151528 -0.121381 0.041202 1.320448 0.006936 -0.253666 0.106258 -0.070095 0.110747 -0.348452 -0.390058 -0.078977 -0.349247 0.054415 -0.151528 -0.121381 -0.146081 2.830654 2.377911 0.167306 -0.141024 12.455648 -0.146081 2.830654 2.377911 0.167306 -0.141024 12.455648 0.000000 0.000000 -0.000000 0.000000 0.000000 -0.000000 0.000000 0.000000 0.000000 0.000000 0.000000 0.000000 0.000000 0.000000 0.000000 0.000000 0.000000 0.000000 0.000000 0.000000 0.000000 0.000000 0.000000 0.000000 0.000000 0.000000 0.000000 0.000000 0.000000 0.000000
1.410361 0.000000 0.082559 0.095119 0.372290 1.308486 0.042892 0.139772 0.055595 0.075465 -0.008677 -0.132941 1.313339 0.139856 0.070419 -0.219863 0.039704 1.351443 0.015407 -0.266842 0.115097 -0.074505 0.112424 -0.351489 -0.409893 -0.097886 -0.347183 0.067272 -0.149483 -0.122219 0.039704 1.351443 0.015407 -0.266842 0.115097 -0.074505 0.112424 -0.351489 -0.409893 -0.097886 -0.347183 0.067272 -0.149483 -0.122219 -0.157462 2.813550 2.945692 0.207375 -0.236550 11.849737 -0.157462 2.813550 2.945692 0.207375 -0.236550 11.849737 0.000000 0.000000 -0.000000 0.000000 0.000000 -0.000000 0.000000 0.000000 0.000000 0.000000 0.000000 0.000000 0.000000 0.000000 0.000000 0.000000 0.000000 0.000000 0.000000 0.000000 0.000000 0.000000 0.000000 0.000000 0.000000 0.000000 0.000000 0.000000 0.000000 0.000000
1.465362 0.000000 0.082547 0.095119 0.372290 1.308474 0.042939 0.139772 0.055595 0.075441 -0.008665 -0.132977 1.313327 0.139808 0.070407 -0.219863 0.044459 1.344347 0.002128 -0.251153 0.104783 -0.071187 0.110955 -0.371382 -0.403938 -0.092943 -0.351926 0.060588 -0.149794 -0.120762 0.044459 1.344347 0.002128 -0.251153 0.104783 -0.071187 0.110955 -0.371382 -0.403938 -0.092943 -0.351926 0.060588 -0.149794 -0.120762 -0.133425 2.997631 1.729113 0.271429 -0.244913 11.509959 -0.133425 2.997631 1.729113 0.271429 -0.244913 11.509959 0.000000 0.000000 -0.000000 0.000000 0.000000 -0.000000 0.000000 0.000000 0.000000 0.000000 0.000000 0.000000 0.000000 0.000000 0.000000 0.000000 0.000000 0.000000 0.000000 0.000000 0.000000 0.000000 0.000000 0.000000 0.000000 0.000000 0.000000 0.000000 0.000000 0.000000
1.567361 0.000000 0.082559 0.095107 0.372290 1.308474 0.042916 0.139772 0.055583 0.075429 -0.008665 -0.132965 1.313339 0.139880 0.070419 -0.219839 0.059040 1.328471 -0.015935 -0.260496 0.090879 -0.073161 0.108941 -0.336056 -0.419799 -0.122705 -0.344839 0.084282 -0.145190 -0.120952 0.059040 1.328471 -0.015935 -0.260496 0.090879 -0.073161 0.108941 -0.336056 -0.419799 -0.122705 -0.344839 0.084282 -0.145190 -0.120952 -0.238675 2.525396 4.234346 0.179567 -0.275401 11.734523 -0.238675 2.525396 4.234346 0.179567 -0.275401 11.734523 0.000000 0.000000 -0.000000 0.000000 0.000000 -0.000000 0.000000 0.000000 0.000000 0.000000 0.000000 0.000000 0.000000 0.000000 0.000000 0.000000 0.000000 0.000000 0.000000 0.000000 0.000000 0.000000 0.000000 0.000000 0.000000 0.000000 0.000000 0.000000 0.000000 0.000000
1.645300 0.000000 0.082547 0.095131 0.372254 1.308474 0.042939 0.139772 0.055607 0.075441 -0.008665 -0.132989 1.313339 0.139856 0.070395 -0.219863 0.065040 1.346541 0.004365 -0.241445 0.086210 -0.073883 0.111087 -0.346841 -0.392922 -0.132985 -0.342239 0.068604 -0.144170 -0.126630 0.065040 1.346541 0.004365 -0.241445 0.086210 -0.073883 0.111087 -0.346841 -0.392922 -0.132985 -0.342239 0.068604 -0.144170 -0.126630 -0.172209 3.037364 1.527299 0.194933 -0.212868 11.768351 -0.172209 3.037364 1.527299 0.194933 -0.212868 11.768351 0.000000 0.000000 -0.000000 0.000000 0.000000 -0.000000 0.000000 0.000000 0.000000 0.000000 0.000000 0.000000 0.000000 0.000000 0.000000 0.000000 0.000000 0.000000 0.000000 0.000000 0.000000 0.000000 0.000000 0.000000 0.000000 0.000000 0.000000 0.000000 0.000000 0.000000
1.708376 0.000000 0.082547 0.095119 0.372266 1.308474 0.042939 0.139772 0.055607 0.075429 -0.008665 -0.132989 1.313315 0.139856 0.070419 -0.219863 0.056735 1.346723 0.012883 -0.256736 0.083620 -0.076541 0.114442 -0.339665 -0.403357 -0.137852 -0.345396 0.060728 -0.144843 -0.124654 0.056735 1.346723 0.012883 -0.256736 0.083620 -0.076541 0.114442 -0.339665 -0.403357 -0.137852 -0.345396 0.060728 -0.144843 -0.124654 -0.190866 2.823319 2.807592 0.169427 -0.224147 11.992817 -0.190866 2.823319 2.807592 0.169427 -0.224147 11.992817 0.000000 0.000000 -0.000000 0.000000 0.000000 -0.000000 0.000000 0.000000 0.000000 0.000000 0.000000 0.000000 0.000000 0.000000 0.000000 0.000000 0.000000 0.000000 0.000000 0.000000 0.000000 0.000000 0.000000 0.000000 0.000000 0.000000 0.000000 0.000000 0.000000 0.000000
1.804620 0.000000 0.082547 0.095119 0.372266 1.308474 0.042916 0.139760 0.055595 0.075441 -0.008653 -0.132989 1.313351 0.139868 0.070419 -0.219863 0.057513 1.327539 0.019955 -0.234241 0.110712 -0.076503 0.110022 -0.375082 -0.413543 -0.112594 -0.352231 0.052330 -0.146670 -0.128715 0.057513 1.327539 0.019955 -0.234241 0.110712 -0.076503 0.110022 -0.375082 -0.413543 -0.112594 -0.352231 0.052330 -0.146670 -0.128715 -0.119437 3.198662 0.354366 0.273115 -0.273608 11.540363 -0.119437 3.198662 0.354366 0.273115 -0.273608 11.540363 0.000000 0.000000 -0.000000 0.000000 0.000000 -0.000000 0.000000 0.000000 0.000000 0.000000 0.000000 0.000000 0.000000 0.000000 0.000000 0.000000 0.000000 0.000000 0.000000 0.000000 0.000000 0.000000 0.000000 0.000000 0.000000 0.000000 0.000000 0.000000 0.000000 0.000000
1.864964 0.000000 0.082559 0.095107 0.372278 1.308474 0.042939 0.139772 0.055607 0.075465 -0.008653 -0.133001 1.313351 0.139832 0.070419 -0.219863 0.068701 1.347877 0.025937 -0.226409 0.101038 -0.075484 0.111866 -0.375231 -0.416215 -0.104701 -0.350555 0.049753 -0.146371 -0.130191 0.068701 1.347877 0.025937 -0.226409 0.101038 -0.075484 0.111866 -0.375231 -0.416215 -0.104701 -0.350555 0.049753 -0.146371 -0.130191 -0.120346 3.393929 -0.494762 0.272167 -0.277262 11.544134 -0.120346 3.393929 -0.494762 0.272167 -0.277262 11.544134 0.000000 0.000000 -0.000000 0.000000 0.000000 -0.000000 0.000000 0.000000 0.000000 0.000000 0.000000 0.000000 0.000000 0.000000 0.000000 0.000000 0.000000 0.000000 0.000000 0.000000 0.000000 0.000000 0.000000 0.000000 0.000000 0.000000 0.000000 0.000000 0.000000 0.000000
1.930113 0.000000 0.082535 0.095107 0.372314 1.308486 0.042916 0.139772 0.055583 0.075429 -0.008665 -0.133013 1.313339 0.139796 0.070407 -0.219863 0.053906 1.313035 0.023420 -0.241872 0.093010 -0.075781 0.106990 -0.355799 -0.427673 -0.099982 -0.329220 0.047745 -0.146272 -0.132347 0.053906 1.313035 0.023420 -0.241872 0.093010 -0.075781 0.106990 -0.355799 -0.427673 -0.099982 -0.329220 0.047745 -0.146272 -0.132347 -0.138668 3.001919 1.299012 0.250042 -0.338917 11.016894 -0.138668 3.001919 1.299012 0.250042 -0.338917 11.016894 0.000000 0.000000 -0.000000 0.000000 0.000000 -0.000000 0.000000 0.000000 0.000000 0.000000 0.000000 0.000000 0.000000 0.000000 0.000000 0.000000 0.000000 0.000000 0.000000 0.000000 0.000000 0.000000 0.000000 0.000000 0.000000 0.000000 0.000000 0.000000 0.000000 0.000000
1.987563 0.000000 0.082559 0.095119 0.372302 1.308486 0.042892 0.139760 0.055583 0.075429 -0.008665 -0.132977 1.313339 0.139856 0.070407 -0.219863 0.050404 1.333166 0.026508 -0.257773 0.107059 -0.078822 0.108820 -0.344393 -0.401028 -0.095153 -0.333517 0.046705 -0.145333 -0.131987 0.050404 1.333166 0.026508 -0.257773 0.107059 -0.078822 0.108820 -0.344393 -0.401028 -0.095153 -0.333517 0.046705 -0.145333 -0.131987 -0.164599 2.852367 2.479491 0.175669 -0.210550 11.915513 -0.164599 2.852367 2.479491 0.175669 -0.210550 11.915513 0.000000 0.000000 -0.000000 0.000000 0.000000 -0.000000 0.000000 0.000000 0.000000 0.000000 0.000000 0.000000 0.000000 0.000000 0.000000 0.000000 0.000000 0.000000 0.000000 0.000000 0.000000 0.000000 0.000000 0.000000 0.000000 0.000000 0.000000 0.000000 0.000000 0.000000
2.050857 0.000000 0.082547 0.095119 0.372266 1.308486 0.042868 0.139784 0.055595 0.075441 -0.008653 -0.132965 1.313351 0.139844 0.070419 -0.219863 0.074142 1.324022 0.028134 -0.231577 0.117366 -0.068934 0.108614 -0.365135 -0.407643 -0.111661 -0.341472 0.045583 -0.146262 -0.128126 0.074142 1.324022 0.028134 -0.231577 0.117366 -0.068934 0.108614 -0.365135 -0.407643 -0.111661 -0.341472 0.045583 -0.146262 -0.128126 -0.181796 3.071028 1.060931 0.259185 -0.273595 11.326336 -0.181796 3.071028 1.060931 0.259185 -0.273595 11.326336 0.000000 0.000000 -0.000000 0.000000 0.000000 -0.000000 0.000000 0.000000 0.000000 0.000000 0.000000 0.000000 0.000000 0.000000 0.000000 0.000000 0.000000 0.000000 0.000000 0.000000 0.000000 0.000000 0.000000 0.000000 0.000000 0.000000 0.000000 0.000000 0.000000 0.000000
2.114309 0.000000 0.082559 0.095119 0.372302 1.308486 0.042939 0.139772 0.055607 0.075429 -0.008653 -0.132977 1.313351 0.139832 0.070407 -0.219863 0.042578 1.327984 0.028490 -0.229385 0.124756 -0.073008 0.108503 -0.346204 -0.392434 -0.123555 -0.342249 0.045046 -0.145877 -0.125947 0.042578 1.327984 0.028490 -0.229385 0.124756 -0.073008 0.108503 -0.346204 -0.392434 -0.123555 -0.342249 0.045046 -0.145877 -0.125947 -0.042632 3.460816 -1.160505 0.182954 -0.195987 11.964713 -0.042632 3.460816 -1.160505 0.182954 -0.195987 11.964713 0.000000 0.000000 -0.000000 0.000000 0.000000 -0.000000 0.000000 0.000000 0.000000 0.000000 0.000000 0.000000 0.000000 0.000000 0.000000 0.000000 0.000000 0.000000 0.000000 0.000000 0.000000 0.000000 0.000000 0.000000 0.000000 0.000000 0.000000 0.000000 0.000000 0.000000
2.179996 0.000000 0.082547 0.095107 0.372290 1.308486 0.042916 0.139772 0.055607 0.075429 -0.008653 -0.132929 1.313351 0.139796 0.070407 -0.219863 0.027670 1.350848 0.031641 -0.248717 0.109707 -0.075676 0.110617 -0.348644 -0.378945 -0.131107 -0.348082 0.044531 -0.146832 -0.123781 0.027670 1.350848 0.031641 -0.248717 0.109707 -0.075676 0.110617 -0.348644 -0.378945 -0.131107 -0.348082 0.044531 -0.146832 -0.123781 -0.034446 3.362705 -0.254979 0.177020 -0.148752 12.216288 -0.034446 3.362705 -0.254979 0.177020 -0.148752 12.216288 0.000000 0.000000 -0.000000 0.000000 0.000000 -0.000000 0.000000 0.000000 0.000000 0.000000 0.000000 0.000000 0.000000 0.000000 0.000000 0.000000 0.000000 0.000000 0.000000 0.000000 0.000000 0.000000 0.000000 0.000000 0.000000 0.000000 0.000000 0.000000 0.000000 0.000000
2.219748 0.000000 0.082535 0.095107 0.372302 1.308486 0.042916 0.139772 0.055595 0.075429 -0.008653 -0.132929 1.313351 0.139868 0.070419 -0.219887 0.031608 1.356314 0.032212 -0.256868 0.103604 -0.074351 0.107065 -0.344731 -0.367720 -0.121142 -0.348264 0.044434 -0.148750 -0.122522 0.031608 1.356314 0.032212 -0.256868 0.103604 -0.074351 0.107065 -0.344731 -0.367720 -0.121142 -0.348264 0.044434 -0.148750 -0.122522 -0.072367 3.205198 0.740862 0.152326 -0.097245 12.519700 -0.072367 3.205198 0.740862 0.152326 -0.097245 12.519700 0.000000 0.000000 -0.000000 0.000000 0.000000 -0.000000 0.000000 0.000000 0.000000 0.000000 0.000000 0.000000 0.000000 0.000000 0.000000 0.000000 0.000000 0.000000 0.000000 0.000000 0.000000 0.000000 0.000000 0.000000 0.000000 0.000000 0.000000 0.000000 0.000000 0.000000
2.251621 0.000000 0.082535 0.095107 0.372314 1.308486 0.042904 0.139784 0.055607 0.075429 -0.008665 -0.132929 1.313351 0.139856 0.070407 -0.219875 0.024661 1.348253 0.020820 -0.263475 0.109411 -0.075868 0.106491 -0.332495 -0.390742 -0.127437 -0.345218 0.044250 -0.147456 -0.123832 0.024661 1.348253 0.020820 -0.263475 0.109411 -0.075868 0.106491 -0.332495 -0.390742 -0.127437 -0.345218 0.044250 -0.147456 -0.123832 -0.077878 3.055501 1.486358 0.125166 -0.154875 12.512016 -0.077878 3.055501 1.486358 0.125166 -0.154875 12.512016 0.000000 0.000000 -0.000000 0.000000 0.000000 -0.000000 0.000000 0.000000 0.000000 0.000000 0.000000 0.000000 0.000000 0.000000 0.000000 0.000000 0.000000 0.000000 0.000000 0.000000 0.000000 0.000000 0.000000 0.000000 0.000000 0.000000 0.000000 0.000000 0.000000 0.000000
2.288337 0.000000 0.082535 0.095071 0.372338 1.308498 0.042916 0.139772 0.055607 0.075453 -0.008665 -0.132977 1.313375 0.139832 0.070407 -0.219863 0.046022 1.304758 0.007814 -0.253073 0.102833 -0.071934 0.100078 -0.341025 -0.400264 -0.132095 -0.344686 0.044320 -0.146479 -0.123541 0.046022 1.304758 0.007814 -0.253073 0.102833 -0.071934 0.100078 -0.341025 -0.400264 -0.132095 -0.344686 0.044320 -0.146479 -0.123541 -0.159116 2.756890 2.582649 0.170997 -0.212625 12.033674 -0.159116 2.756890 2.582649 0.170997 -0.212625 12.033674 0.000000 0.000000 -0.000000 0.000000 0.000000 -0.000000 0.000000 0.000000 0.000000 0.000000 0.000000 0.000000 0.000000 0.000000 0.000000 0.000000 0.000000 0.000000 0.000000 0.000000 0.000000 0.000000 0.000000 0.000000 0.000000 0.000000 0.000000 0.000000 0.000000 0.000000
2.326696 0.000000 0.082547 0.095107 0.372314 1.308498 0.042939 0.139760 0.055595 0.075441 -0.008653 -0.132965 1.313375 0.139808 0.070407 -0.219863 0.053303 1.339566 0.015458 -0.260253 0.098640 -0.073670 0.104587 -0.332061 -0.399357 -0.135028 -0.343044 0.044366 -0.147875 -0.122870 0.053303 1.339566 0.015458 -0.260253 0.098640 -0.073670 0.104587 -0.332061 -0.399357 -0.135028 -0.343044 0.044366 -0.147875 -0.122870 -0.187086 2.777697 2.973473 0.140571 -0.198037 12.225891 -0.187086 2.777697 2.973473 0.140571 -0.198037 12.225891 0.000000 0.000000 -0.000000 0.000000 0.000000 -0.000000 0.000000 0.000000 0.000000 0.000000 0.000000 0.000000 0.000000 0.000000 0.000000 0.000000 0.000000 0.000000 0.000000 0.000000 0.000000 0.000000 0.000000 0.000000 0.000000 0.000000 0.000000 0.000000 0.000000 0.000000
2.359422 0.000000 0.082547 0.095107 0.372290 1.308498 0.042939 0.139772 0.055595 0.075429 -0.008653 -0.132941 1.313375 0.139832 0.070419 -0.219863 0.048735 1.347001 0.008155 -0.255620 0.105695 -0.074925 0.105831 -0.362150 -0.393237 -0.136110 -0.354171 0.054003 -0.151104 -0.121837 0.048735 1.347001 0.008155 -0.255620 0.105695 -0.074925 0.105831 -0.362150 -0.393237 -0.136110 -0.354171 0.054003 -0.151104 -0.121837 -0.150736 2.942285 2.104615 0.230022 -0.208424 11.881659 -0.150736 2.942285 2.104615 0.230022 -0.208424 11.881659 0.000000 0.000000 -0.000000 0.000000 0.000000 -0.000000 0.000000 0.000000 0.000000 0.000000 0.000000 0.000000 0.000000 0.000000 0.000000 0.000000 0.000000 0.000000 0.000000 0.000000 0.000000 0.000000 0.000000 0.000000 0.000000 0.000000 0.000000 0.000000 0.000000 0.000000
2.388845 0.000000 0.082559 0.095095 0.372278 1.308486 0.042939 0.139772 0.055595 0.075441 -0.008653 -0.132989 1.313375 0.139856 0.070419 -0.219863 0.053615 1.348780 0.012275 -0.259390 0.101580 -0.075859 0.106723 -0.348086 -0.398986 -0.138619 -0.349748 0.052681 -0.149060 -0.122013 0.053615 1.348780 0.012275 -0.259390 0.101580 -0.075859 0.106723 -0.348086 -0.398986 -0.138619 -0.349748 0.052681 -0.149060 -0.122013 -0.179707 2.842768 2.722212 0.191489 -0.214589 11.995651 -0.179707 2.842768 2.722212 0.191489 -0.214589 11.995651 0.000000 0.000000 -0.000000 0.000000 0.000000 -0.000000 0.000000 0.000000 0.000000 0.000000 0.000000 0.000000 0.000000 0.000000 0.000000 0.000000 0.000000 0.000000 0.000000 0.000000 0.000000 0.000000 0.000000 0.000000 0.000000 0.000000 0.000000 0.000000 0.000000 0.000000
2.424034 0.000000 0.082547 0.095119 0.372278 1.308486 0.042939 0.139772 0.055595 0.075441 -0.008653 -0.132977 1.313351 0.139832 0.070407 -0.219887 0.059309 1.345114 0.004643 -0.248019 0.097344 -0.072229 0.107032 -0.350477 -0.407770 -0.129279 -0.354365 0.050605 -0.150813 -0.122529 0.059309 1.345114 0.004643 -0.248019 0.097344 -0.072229 0.107032 -0.350477 -0.407770 -0.129279 -0.354365 0.050605 -0.150813 -0.122529 -0.172290 2.958514 1.969532 0.186539 -0.217756 12.215387 -0.172290 2.958514 1.969532 0.186539 -0.217756 12.215387 0.000000 0.000000 -0.000000 0.000000 0.000000 -0.000000 0.000000 0.000000 0.000000 0.000000 0.000000 0.000000 0.000000 0.000000 0.000000 0.000000 0.000000 0.000000 0.000000 0.000000 0.000000 0.000000 0.000000 0.000000 0.000000 0.000000 0.000000 0.000000 0.000000 0.000000
2.456528 0.000000 0.082547 0.095119 0.372266 1.308498 0.042939 0.139772 0.055595 0.075441 -0.008665 -0.133025 1.313387 0.139844 0.070407 -0.219863 0.038689 1.362422 0.008735 -0.264165 0.084231 -0.077689 0.107512 -0.343072 -0.396850 -0.132667 -0.350933 0.049920 -0.148551 -0.123647 0.038689 1.362422 0.008735 -0.264165 0.084231 -0.077689 0.107512 -0.343072 -0.396850 -0.132667 -0.350933 0.049920 -0.148551 -0.123647 -0.128600 2.967272 2.174296 0.158996 -0.181092 12.374031 -0.128600 2.967272 2.174296 0.158996 -0.181092 12.374031 0.000000 0.000000 -0.000000 0.000000 0.000000 -0.000000 0.000000 0.000000 0.000000 0.000000 0.000000 0.000000 0.000000 0.000000 0.000000 0.000000 0.000000 0.000000 0.000000 0.000000 0.000000 0.000000 0.000000 0.000000 0.000000 0.000000 0.000000 0.000000 0.000000 0.000000
2.484457 0.000000 0.082547 0.095119 0.372278 1.308486 0.042939 0.139772 0.055607 0.075441 -0.008665 -0.132989 1.313375 0.139820 0.070407 -0.219863 0.049937 1.377453 0.014606 -0.261808 0.092531 -0.075834 0.110115 -0.328255 -0.403333 -0.126733 -0.344678 0.049188 -0.145824 -0.123914 0.049937 1.377453 0.014606 -0.261808 0.092531 -0.075834 0.110115 -0.328255 -0.403333 -0.126733 -0.344678 0.049188 -0.145824 -0.123914 -0.155756 3.006190 2.173789 0.120255 -0.189096 12.445583 -0.155756 3.006190 2.173789 0.120255 -0.189096 12.445583 0.000000 0.000000 -0.000000 0.000000 0.000000 -0.000000 0.000000 0.000000 0.000000 0.000000 0.000000 0.000000 0.000000 0.000000 0.000000 0.000000 0.000000 0.000000 0.000000 0.000000 0.000000 0.000000 0.000000 0.000000 0.000000 0.000000 0.000000 0.000000 0.000000 0.000000
2.508795 0.000000 0.082547 0.095107 0.372302 1.308474 0.042916 0.139760 0.055595 0.075453 -0.008653 -0.132989 1.313375 0.139844 0.070419 -0.219875 0.040528 1.325487 0.003452 -0.260426 0.089906 -0.075453 0.105284 -0.320368 -0.393218 -0.120981 -0.329572 0.056603 -0.142474 -0.124538 0.040528 1.325487 0.003452 -0.260426 0.089906 -0.075453 0.105284 -0.320368 -0.393218 -0.120981 -0.329572 0.056603 -0.142474 -0.124538 -0.152141 2.769912 2.795059 0.125002 -0.197550 11.931164 -0.152141 2.769912 2.795059 0.125002 -0.197550 11.931164 0.000000 0.000000 -0.000000 0.000000 0.000000 -0.000000 0.000000 0.000000 0.000000 0.000000 0.000000 0.000000 0.000000 0.000000 0.000000 0.000000 0.000000 0.000000 0.000000 0.000000 0.000000 0.000000 0.000000 0.000000 0.000000 0.000000 0.000000 0.000000 0.000000 0.000000
2.541391 0.000000 0.082547 0.095131 0.372290 1.308486 0.042916 0.139760 0.055595 0.075441 -0.008677 -0.132953 1.313375 0.139844 0.070395 -0.219863 0.057281 1.350766 0.011216 -0.260089 0.098525 -0.071719 0.108496 -0.340703 -0.409913 -0.115834 -0.344009 0.064073 -0.147895 -0.124272 0.057281 1.350766 0.011216 -0.260089 0.098525 -0.071719 0.108496 -0.340703 -0.409913 -0.115834 -0.344009 0.064073 -0.147895 -0.124272 -0.202875 2.776004 3.134264 0.172881 -0.232424 11.994572 -0.202875 2.776004 3.134264 0.172881 -0.232424 11.994572 0.000000 0.000000 -0.000000 0.000000 0.000000 -0.000000 0.000000 0.000000 0.000000 0.000000 0.000000 0.000000 0.000000 0.000000 0.000000 0.000000 0.000000 0.000000 0.000000 0.000000 0.000000 0.000000 0.000000 0.000000 0.000000 0.000000 0.000000 0.000000 0.000000 0.000000
2.576015 0.000000 0.082559 0.095119 0.372302 1.308486 0.042904 0.139784 0.055595 0.075429 -0.008665 -0.132929 1.313411 0.139856 0.070419 -0.219863 0.060562 1.350187 0.015079 -0.250689 0.105781 -0.071885 0.108604 -0.324397 -0.400341 -0.122468 -0.325516 0.061173 -0.143570 -0.124218 0.060562 1.350187 0.015079 -0.250689 0.105781 -0.071885 0.108604 -0.324397 -0.400341 -0.122468 -0.325516 0.061173 -0.143570 -0.124218 -0.180529 2.948254 2.126433 0.158210 -0.246692 11.475861 -0.180529 2.948254 2.126433 0.158210 -0.246692 11.475861 0.000000 0.000000 -0.000000 0.000000 0.000000 -0.000000 0.000000 0.000000 0.000000 0.000000 0.000000 0.000000 0.000000 0.000000 0.000000 0.000000 0.000000 0.000000 0.000000 0.000000 0.000000 0.000000 0.000000 0.000000 0.000000 0.000000 0.000000 0.000000 0.000000 0.000000
2.609275 0.000000 0.082535 0.095119 0.372302 1.308486 0.042951 0.139784 0.055607 0.075441 -0.008665 -0.132929 1.313387 0.139856 0.070407 -0.219851 0.061951 1.337438 0.006138 -0.241449 0.101032 -0.069321 0.107772 -0.342130 -0.416393 -0.115250 -0.339014 0.057598 -0.147648 -0.122709 0.061951 1.337438 0.006138 -0.241449 0.101032 -0.069321 0.107772 -0.342130 -0.416393 -0.115250 -0.339014 0.057598 -0.147648 -0.122709 -0.168504 3.007404 1.574890 0.200019 -0.278911 11.549667 -0.168504 3.007404 1.574890 0.200019 -0.278911 11.549667 0.000000 0.000000 -0.000000 0.000000 0.000000 -0.000000 0.000000 0.000000 0.000000 0.000000 0.000000 0.000000 0.000000 0.000000 0.000000 0.000000 0.000000 0.000000 0.000000 0.000000 0.000000 0.000000 0.000000 0.000000 0.000000 0.000000 0.000000 0.000000 0.000000 0.000000
2.649041 0.000000 0.082523 0.095119 0.372290 1.308462 0.042939 0.139760 0.055607 0.075441 -0.008653 -0.132929 1.313387 0.139868 0.070419 -0.219851 0.041149 1.346121 -0.001378 -0.248050 0.084120 -0.076246 0.108065 -0.324911 -0.410628 -0.109251 -0.333279 0.055248 -0.144114 -0.122125 0.041149 1.346121 -0.001378 -0.248050 0.084120 -0.076246 0.108065 -0.324911 -0.410628 -0.109251 -0.333279 0.055248 -0.144114 -0.122125 -0.099303 3.130883 0.961477 0.145752 -0.244437 11.807557 -0.099303 3.130883 0.961477 0.145752 -0.244437 11.807557 0.000000 0.000000 -0.000000 0.000000 0.000000 -0.000000 0.000000 0.000000 0.000000 0.000000 0.000000 0.000000 0.000000 0.000000 0.000000 0.000000 0.000000 0.000000 0.000000 0.000000 0.000000 0.000000 0.000000 0.000000 0.000000 0.000000 0.000000 0.000000 0.000000 0.000000
2.698700 0.000000 0.082535 0.095119 0.372290 1.308474 0.042939 0.139772 0.055595 0.075429 -0.008653 -0.132965 1.313399 0.139880 0.070407 -0.219863 0.065173 1.339467 0.007230 -0.229262 0.082578 -0.071974 0.108501 -0.328009 -0.410824 -0.102828 -0.340008 0.052200 -0.145788 -0.124681 0.065173 1.339467 0.007230 -0.229262 0.082578 -0.071974 0.108501 -0.328009 -0.410824 -0.102828 -0.340008 0.052200 -0.145788 -0.124681 -0.132093 3.254737 0.151154 0.126414 -0.209257 12.299790 -0.132093 3.254737 0.151154 0.126414 -0.209257 12.299790 0.000000 0.000000 -0.000000 0.000000 0.000000 -0.000000 0.000000 0.000000 0.000000 0.000000 0.000000 0.000000 0.000000 0.000000 0.000000 0.000000 0.000000 0.000000 0.000000 0.000000 0.000000 0.000000 0.000000 0.000000 0.000000 0.000000 0.000000 0.000000 0.000000 0.000000
2.758956 0.000000 0.082559 0.095107 0.372278 1.308498 0.042916 0.139760 0.055583 0.075441 -0.008665 -0.132929 1.313363 0.139832 0.070407 -0.219875 0.044357 1.319848 0.011139 -0.231140 0.099758 -0.082534 0.113589 -0.336262 -0.405141 -0.117805 -0.347240 0.049472 -0.147435 -0.124655 0.044357 1.319848 0.011139 -0.231140 0.099758 -0.082534 0.113589 -0.336262 -0.405141 -0.117805 -0.347240 0.049472 -0.147435 -0.124655 -0.062705 3.320179 -0.478876 0.139243 -0.191848 12.432883 -0.062705 3.320179 -0.478876 0.139243 -0.191848 12.432883 0.000000 0.000000 -0.000000 0.000000 0.000000 -0.000000 0.000000 0.000000 0.000000 0.000000 0.000000 0.000000 0.000000 0.000000 0.000000 0.000000 0.000000 0.000000 0.000000 0.000000 0.000000 0.000000 0.000000 0.000000 0.000000 0.000000 0.000000 0.000000 0.000000 0.000000
2.810637 0.000000 0.082535 0.095083 0.372314 1.308486 0.042939 0.139760 0.055595 0.075441 -0.008665 -0.133001 1.313387 0.139892 0.070419 -0.219863 0.054682 1.362743 0.019106 -0.227378 0.078270 -0.085630 0.114546 -0.346949 -0.407915 -0.125717 -0.346778 0.048121 -0.146563 -0.123242 0.054682 1.362743 0.019106 -0.227378 0.078270 -0.085630 0.114546 -0.346949 -0.407915 -0.125717 -0.346778 0.048121 -0.146563 -0.123242 -0.050722 3.616721 -1.598453 0.193450 -0.239007 11.888694 -0.050722 3.616721 -1.598453 0.193450 -0.239007 11.888694 0.000000 0.000000 -0.000000 0.000000 0.000000 -0.000000 0.000000 0.000000 0.000000 0.000000 0.000000 0.000000 0.000000 0.000000 0.000000 0.000000 0.000000 0.000000 0.000000 0.000000 0.000000 0.000000 0.000000 0.000000 0.000000 0.000000 0.000000 0.000000 0.000000 0.000000
2.894556 0.000000 0.082535 0.095095 0.372326 1.308486 0.042904 0.139772 0.055583 0.075441 -0.008665 -0.132965 1.313387 0.139880 0.070419 -0.219863 0.044830 1.349263 -0.001525 -0.215095 0.104339 -0.079326 0.112606 -0.329529 -0.381566 -0.108479 -0.317488 0.072661 -0.149790 -0.127179 0.044830 1.349263 -0.001525 -0.215095 0.104339 -0.079326 0.112606 -0.329529 -0.381566 -0.108479 -0.317488 0.072661 -0.149790 -0.127179 0.005442 3.791657 -2.855679 0.170637 -0.204177 11.371237 0.005442 3.791657 -2.855679 0.170637 -0.204177 11.371237 0.000000 0.000000 -0.000000 0.000000 0.000000 -0.000000 0.000000 0.000000 0.000000 0.000000 0.000000 0.000000 0.000000 0.000000 0.000000 0.000000 0.000000 0.000000 0.000000 0.000000 0.000000 0.000000 0.000000 0.000000 0.000000 0.000000 0.000000 0.000000 0.000000 0.000000
2.967930 0.000000 0.082559 0.095107 0.372278 1.308486 0.042939 0.139760 0.055595 0.075441 -0.008653 -0.132941 1.313411 0.139880 0.070419 -0.219863 0.052051 1.346118 0.010766 -0.214860 0.117615 -0.078800 0.116033 -0.323389 -0.412089 -0.125449 -0.327698 0.085015 -0.147890 -0.126507 0.052051 1.346118 0.010766 -0.214860 0.117615 -0.078800 0.116033 -0.323389 -0.412089 -0.125449 -0.327698 0.085015 -0.147890 -0.126507 -0.023348 3.726926 -2.488820 0.150780 -0.267797 11.591797 -0.023348 3.726926 -2.488820 0.150780 -0.267797 11.591797 0.000000 0.000000 -0.000000 0.000000 0.000000 -0.000000 0.000000 0.000000 0.000000 0.000000 0.000000 0.000000 0.000000 0.000000 0.000000 0.000000 0.000000 0.000000 0.000000 0.000000 0.000000 0.000000 0.000000 0.000000 0.000000 0.000000 0.000000 0.000000 0.000000 0.000000
3.031362 0.000000 0.082559 0.095119 0.372302 1.308486 0.042939 0.139772 0.055595 0.075453 -0.008665 -0.132941 1.313387 0.139856 0.070419 -0.219863 0.043516 1.343737 0.016871 -0.218705 0.085090 -0.079472 0.113452 -0.355101 -0.420101 -0.132614 -0.340921 0.071525 -0.149725 -0.118467 0.043516 1.343737 0.016871 -0.218705 0.085090 -0.079472 0.113452 -0.355101 -0.420101 -0.132614 -0.340921 0.071525 -0.149725 -0.118467 0.001967 3.746657 -2.640576 0.271295 -0.342385 10.842459 0.001967 3.746657 -2.640576 0.271295 -0.342385 10.842459 0.000000 0.000000 -0.000000 0.000000 0.000000 -0.000000 0.000000 0.000000 0.000000 0.000000 0.000000 0.000000 0.000000 0.000000 0.000000 0.000000 0.000000 0.000000 0.000000 0.000000 0.000000 0.000000 0.000000 0.000000 0.000000 0.000000 0.000000 0.000000 0.000000 0.000000
3.099394 0.000000 0.082547 0.095107 0.372314 1.308498 0.042939 0.139772 0.055595 0.075441 -0.008653 -0.132989 1.313375 0.139856 0.070407 -0.219863 0.023587 1.332842 0.020122 -0.217014 0.082673 -0.078588 0.115111 -0.337228 -0.410701 -0.115813 -0.318656 0.062165 -0.146867 -0.123455 0.023587 1.332842 0.020122 -0.217014 0.082673 -0.078588 0.115111 -0.337228 -0.410701 -0.115813 -0.318656 0.062165 -0.146867 -0.123455 0.076377 3.896427 -3.668589 0.232268 -0.328838 10.623642 0.076377 3.896427 -3.668589 0.232268 -0.328838 10.623642 0.000000 0.000000 -0.000000 0.000000 0.000000 -0.000000 0.000000 0.000000 0.000000 0.000000 0.000000 0.000000 0.000000 0.000000 0.000000 0.000000 0.000000 0.000000 0.000000 0.000000 0.000000 0.000000 0.000000 0.000000 0.000000 0.000000 0.000000 0.000000 0.000000 0.000000
3.180663 0.000000 0.082559 0.095107 0.372290 1.308462 0.042916 0.139772 0.055607 0.075453 -0.008653 -0.133001 1.313399 0.139856 0.070419 -0.219875 0.017248 1.352829 0.026994 -0.243770 0.081042 -0.086620 0.114516 -0.329389 -0.413914 -0.129179 -0.329802 0.080268 -0.145777 -0.127076 0.017248 1.352829 0.026994 -0.243770 0.081042 -0.086620 0.114516 -0.329389 -0.413914 -0.129179 -0.329802 0.080268 -0.145777 -0.127076 0.033827 3.593952 -1.587083 0.170885 -0.282147 11.468434 0.033827 3.593952 -1.587083 0.170885 -0.282147 11.468434 0.000000 0.000000 -0.000000 0.000000 0.000000 -0.000000 0.000000 0.000000 0.000000 0.000000 0.000000 0.000000 0.000000 0.000000 0.000000 0.000000 0.000000 0.000000 0.000000 0.000000 0.000000 0.000000 0.000000 0.000000 0.000000 0.000000 0.000000 0.000000 0.000000 0.000000
3.235259 0.000000 0.082559 0.095119 0.372290 1.308474 0.042927 0.139760 0.055607 0.075453 -0.008653 -0.132977 1.313375 0.139856 0.070407 -0.219863 0.033273 1.330076 0.026219 -0.230359 0.079962 -0.078740 0.111554 -0.358358 -0.393217 -0.133229 -0.340775 0.070135 -0.147628 -0.127843 0.033273 1.330076 0.026219 -0.230359 0.079962 -0.078740 0.111554 -0.358358 -0.393217 -0.133229 -0.340775 0.070135 -0.147628 -0.127843 -0.004174 3.546845 -1.648339 0.238456 -0.237997 11.428708 -0.004174 3.546845 -1.648339 0.238456 -0.237997 11.428708 0.000000 0.000000 -0.000000 0.000000 0.000000 -0.000000 0.000000 0.000000 0.000000 0.000000 0.000000 0.000000 0.000000 0.000000 0.000000 0.000000 0.000000 0.000000 0.000000 0.000000 0.000000 0.000000 0.000000 0.000000 0.000000 0.000000 0.000000 0.000000 0.000000 0.000000
3.301969 0.000000 0.082547 0.095095 0.372278 1.308474 0.042951 0.139760 0.055607 0.075441 -0.008653 -0.132977 1.313375 0.139868 0.070419 -0.219875 0.031191 1.348250 0.030131 -0.223746 0.079586 -0.077684 0.112498 -0.344110 -0.382316 -0.138589 -0.342249 0.061405 -0.146375 -0.125646 0.031191 1.348250 0.030131 -0.223746 0.079586 -0.077684 0.112498 -0.344110 -0.382316 -0.138589 -0.342249 0.061405 -0.146375 -0.125646 0.040376 3.825042 -3.016064 0.178416 -0.175943 11.966389 0.040376 3.825042 -3.016064 0.178416 -0.175943 11.966389 0.000000 0.000000 -0.000000 0.000000 0.000000 -0.000000 0.000000 0.000000 0.000000 0.000000 0.000000 0.000000 0.000000 0.000000 0.000000 0.000000 0.000000 0.000000 0.000000 0.000000 0.000000 0.000000 0.000000 0.000000 0.000000 0.000000 0.000000 0.000000 0.000000 0.000000
3.353724 0.000000 0.082547 0.095107 0.372290 1.308474 0.042916 0.139772 0.055595 0.075441 -0.008677 -0.133001 1.313387 0.139820 0.070395 -0.219863 0.038385 1.340137 0.013498 -0.219728 0.079031 -0.081521 0.110656 -0.332199 -0.402334 -0.126245 -0.341451 0.056807 -0.145454 -0.125247 0.038385 1.340137 0.013498 -0.219728 0.079031 -0.081521 0.110656 -0.332199 -0.402334 -0.126245 -0.341451 0.056807 -0.145454 -0.125247 0.020070 3.762158 -2.791481 0.142089 -0.205152 12.172254 0.020070 3.762158 -2.791481 0.142089 -0.205152 12.172254 0.000000 0.000000 -0.000000 0.000000 0.000000 -0.000000 0.000000 0.000000 0.000000 0.000000 0.000000 0.000000 0.000000 0.000000 0.000000 0.000000 0.000000 0.000000 0.000000 0.000000 0.000000 0.000000 0.000000 0.000000 0.000000 0.000000 0.000000 0.000000 0.000000 0.000000
3.408706 0.000000 0.082559 0.095095 0.372254 1.308474 0.042939 0.139760 0.055595 0.075453 -0.008653 -0.132917 1.313423 0.139820 0.070407 -0.219875 0.016959 1.339425 0.000634 -0.222744 0.078746 -0.082225 0.109965 -0.316569 -0.383333 -0.115030 -0.335710 0.053663 -0.142283 -0.124128 0.016959 1.339425 0.000634 -0.222744 0.078746 -0.082225 0.109965 -0.316569 -0.383333 -0.115030 -0.335710 0.053663 -0.142283 -0.124128 0.087651 3.863044 -3.418610 0.085402 -0.129928 12.537538 0.087651 3.863044 -3.418610 0.085402 -0.129928 12.537538 0.000000 0.000000 -0.000000 0.000000 0.000000 -0.000000 0.000000 0.000000 0.000000 0.000000 0.000000 0.000000 0.000000 0.000000 0.000000 0.000000 0.000000 0.000000 0.000000 0.000000 0.000000 0.000000 0.000000 0.000000 0.000000 0.000000 0.000000 0.000000 0.000000 0.000000
3.451986 0.000000 0.082559 0.095095 0.372266 1.308474 0.042939 0.139772 0.055595 0.075465 -0.008653 -0.133013 1.313411 0.139808 0.070419 -0.219875 0.034758 1.344769 0.008644 -0.218006 0.078532 -0.077011 0.110598 -0.330523 -0.416196 -0.124626 -0.333374 0.050911 -0.146643 -0.125353 0.034758 1.344769 0.008644 -0.218006 0.078532 -0.077011 0.110598 -0.330523 -0.416196 -0.124626 -0.333374 0.050911 -0.146643 -0.125353 0.035572 3.826417 -3.118611 0.162911 -0.271190 11.699283 0.035572 3.826417 -3.118611 0.162911 -0.271190 11.699283 0.000000 0.000000 -0.000000 0.000000 0.000000 -0.000000 0.000000 0.000000 0.000000 0.000000 0.000000 0.000000 0.000000 0.000000 0.000000 0.000000 0.000000 0.000000 0.000000 0.000000 0.000000 0.000000 0.000000 0.000000 0.000000 0.000000 0.000000 0.000000 0.000000 0.000000
3.496331 0.000000 0.082547 0.095107 0.372278 1.308474 0.042939 0.139772 0.055607 0.075441 -0.008653 -0.132977 1.313411 0.139856 0.070419 -0.219875 0.021906 1.324128 0.011031 -0.230606 0.078275 -0.081474 0.108378 -0.355842 -0.406851 -0.128199 -0.342356 0.049121 -0.148256 -0.123111 0.021906 1.324128 0.011031 -0.230606 0.078275 -0.081474 0.108378 -0.355842 -0.406851 -0.128199 -0.342356 0.049121 -0.148256 -0.123111 0.034852 3.590153 -2.016397 0.240534 -0.273959 11.365290 0.034852 3.590153 -2.016397 0.240534 -0.273959 11.365290 0.000000 0.000000 -0.000000 0.000000 0.000000 -0.000000 0.000000 0.000000 0.000000 0.000000 0.000000 0.000000 0.000000 0.000000 0.000000 0.000000 0.000000 0.000000 0.000000 0.000000 0.000000 0.000000 0.000000 0.000000 0.000000 0.000000 0.000000 0.000000 0.000000 0.000000
3.541034 0.000000 0.082547 0.095119 0.372266 1.308486 0.042916 0.139760 0.055607 0.075441 -0.008653 -0.133001 1.313423 0.139868 0.070419 -0.219863 0.031295 1.341837 0.017124 -0.229153 0.078442 -0.085673 0.109867 -0.317981 -0.413227 -0.134589 -0.315181 0.062686 -0.141969 -0.123316 0.031295 1.341837 0.017124 -0.229153 0.078442 -0.085673 0.109867 -0.317981 -0.413227 -0.134589 -0.315181 0.062686 -0.141969 -0.123316 0.023022 3.678871 -2.266791 0.178508 -0.327511 10.808062 0.023022 3.678871 -2.266791 0.178508 -0.327511 10.808062 0.000000 0.000000 -0.000000 0.000000 0.000000 -0.000000 0.000000 0.000000 0.000000 0.000000 0.000000 0.000000 0.000000 0.000000 0.000000 0.000000 0.000000 0.000000 0.000000 0.000000 0.000000 0.000000 0.000000 0.000000 0.000000 0.000000 0.000000 0.000000 0.000000 0.000000
3.577963 0.000000 0.082559 0.095083 0.372302 1.308474 0.042916 0.139772 0.055595 0.075453 -0.008665 -0.133001 1.313435 0.139856 0.070407 -0.219863 0.016935 1.351094 0.007587 -0.229007 0.078356 -0.084593 0.109231 -0.321312 -0.401786 -0.136602 -0.322783 0.058992 -0.143316 -0.122809 0.016935 1.351094 0.007587 -0.229007 0.078356 -0.084593 0.109231 -0.321312 -0.401786 -0.136602 -0.322783 0.058992 -0.143316 -0.122809 0.081006 3.846558 -3.140395 0.164027 -0.270282 11.250298 0.081006 3.846558 -3.140395 0.164027 -0.270282 11.250298 0.000000 0.000000 -0.000000 0.000000 0.000000 -0.000000 0.000000 0.000000 0.000000 0.000000 0.000000 0.000000 0.000000 0.000000 0.000000 0.000000 0.000000 0.000000 0.000000 0.000000 0.000000 0.000000 0.000000 0.000000 0.000000 0.000000 0.000000 0.000000 0.000000 0.000000
3.612106 0.000000 0.082547 0.095107 0.372278 1.308486 0.042892 0.139772 0.055607 0.075453 -0.008653 -0.133013 1.313435 0.139856 0.070407 -0.219863 0.027633 1.356275 0.012629 -0.236526 0.078286 -0.082835 0.106416 -0.325357 -0.371464 -0.124955 -0.327196 0.056505 -0.143192 -0.122304 0.027633 1.356275 0.012629 -0.236526 0.078286 -0.082835 0.106416 -0.325357 -0.371464 -0.124955 -0.327196 0.056505 -0.143192 -0.122304 0.019327 3.644592 -1.876089 0.146066 -0.159618 11.740820 0.019327 3.644592 -1.876089 0.146066 -0.159618 11.740820 0.000000 0.000000 -0.000000 0.000000 0.000000 -0.000000 0.000000 0.000000 0.000000 0.000000 0.000000 0.000000 0.000000 0.000000 0.000000 0.000000 0.000000 0.000000 0.000000 0.000000 0.000000 0.000000 0.000000 0.000000 0.000000 0.000000 0.000000 0.000000 0.000000 0.000000
3.644891 0.000000 0.082559 0.095107 0.372278 1.308474 0.042939 0.139784 0.055595 0.075453 -0.008653 -0.132989 1.313411 0.139844 0.070419 -0.219851 0.034221 1.328528 0.003274 -0.224000 0.077946 -0.078864 0.105212 -0.324704 -0.406751 -0.132227 -0.332661 0.044035 -0.144646 -0.124375 0.034221 1.328528 0.003274 -0.224000 0.077946 -0.078864 0.105212 -0.324704 -0.406751 -0.132227 -0.332661 0.044035 -0.144646 -0.124375 0.010268 3.618470 -2.141460 0.141597 -0.241128 11.840307 0.010268 3.618470 -2.141460 0.141597 -0.241128 11.840307 0.000000 0.000000 -0.000000 0.000000 0.000000 -0.000000 0.000000 0.000000 0.000000 0.000000 0.000000 0.000000 0.000000 0.000000 0.000000 0.000000 0.000000 0.000000 0.000000 0.000000 0.000000 0.000000 0.000000 0.000000 0.000000 0.000000 0.000000 0.000000 0.000000 0.000000
3.674385 0.000000 0.082547 0.095107 0.372302 1.308474 0.042939 0.139772 0.055583 0.075441 -0.008653 -0.132965 1.313435 0.139820 0.070419 -0.219875 0.039179 1.334225 0.008085 -0.222505 0.087185 -0.076543 0.107985 -0.343375 -0.388988 -0.133077 -0.337637 0.053181 -0.147182 -0.122984 0.039179 1.334225 0.008085 -0.222505 0.087185 -0.076543 0.107985 -0.343375 -0.388988 -0.133077 -0.337637 0.053181 -0.147182 -0.122984 -0.003544 3.631509 -2.124692 0.196422 -0.213962 11.624058 -0.003544 3.631509 -2.124692 0.196422 -0.213962 11.624058 0.000000 0.000000 -0.000000 0.000000 0.000000 -0.000000 0.000000 0.000000 0.000000 0.000000 0.000000 0.000000 0.000000 0.000000 0.000000 0.000000 0.000000 0.000000 0.000000 0.000000 0.000000 0.000000 0.000000 0.000000 0.000000 0.000000 0.000000 0.000000 0.000000 0.000000
3.707132 0.000000 0.082547 0.095095 0.372278 1.308486 0.042951 0.139760 0.055607 0.075441 -0.008665 -0.133001 1.313423 0.139868 0.070419 -0.219863 0.021524 1.347100 0.002281 -0.228119 0.085883 -0.079456 0.108996 -0.349847 -0.388586 -0.125081 -0.345735 0.051106 -0.149725 -0.124613 0.021524 1.347100 0.002281 -0.228119 0.085883 -0.079456 0.108996 -0.349847 -0.388586 -0.125081 -0.345735 0.051106 -0.149725 -0.124613 0.054279 3.756349 -2.681741 0.188457 -0.180312 12.065060 0.054279 3.756349 -2.681741 0.188457 -0.180312 12.065060 0.000000 0.000000 -0.000000 0.000000 0.000000 -0.000000 0.000000 0.000000 0.000000 0.000000 0.000000 0.000000 0.000000 0.000000 0.000000 0.000000 0.000000 0.000000 0.000000 0.000000 0.000000 0.000000 0.000000 0.000000 0.000000 0.000000 0.000000 0.000000 0.000000 0.000000
3.742078 0.000000 0.082559 0.095107 0.372290 1.308474 0.042892 0.139772 0.055595 0.075453 -0.008665 -0.132989 1.313435 0.139856 0.070419 -0.219851 0.054673 1.336190 0.007616 -0.212732 0.084358 -0.073917 0.108610 -0.345612 -0.367962 -0.116330 -0.345757 0.050048 -0.148415 -0.122071 0.054673 1.336190 0.007616 -0.212732 0.084358 -0.073917 0.108610 -0.345612 -0.367962 -0.116330 -0.345757 0.050048 -0.148415 -0.122071 -0.031674 3.683982 -2.409851 0.164964 -0.108764 12.332290 -0.031674 3.683982 -2.409851 0.164964 -0.108764 12.332290 0.000000 0.000000 -0.000000 0.000000 0.000000 -0.000000 0.000000 0.000000 0.000000 0.000000 0.000000 0.000000 0.000000 0.000000 0.000000 0.000000 0.000000 0.000000 0.000000 0.000000 0.000000 0.000000 0.000000 0.000000 0.000000 0.000000 0.000000 0.000000 0.000000 0.000000
3.793538 0.000000 0.082559 0.095119 0.372290 1.308474 0.042939 0.139772 0.055595 0.075453 -0.008677 -0.132977 1.313435 0.139820 0.070407 -0.219863 0.040422 1.343861 -0.002316 -0.221482 0.082822 -0.078028 0.109145 -0.325595 -0.396824 -0.112953 -0.342184 0.048417 -0.146776 -0.120275 0.040422 1.343861 -0.002316 -0.221482 0.082822 -0.078028 0.109145 -0.325595 -0.396824 -0.112953 -0.342184 0.048417 -0.146776 -0.120275 -0.001969 3.673033 -2.250620 0.118628 -0.171400 12.401518 -0.001969 3.673033 -2.250620 0.118628 -0.171400 12.401518 0.000000 0.000000 -0.000000 0.000000 0.000000 -0.000000 0.000000 0.000000 0.000000 0.000000 0.000000 0.000000 0.000000 0.000000 0.000000 0.000000 0.000000 0.000000 0.000000 0.000000 0.000000 0.000000 0.000000 0.000000 0.000000 0.000000 0.000000 0.000000 0.000000 0.000000
3.847567 0.000000 0.082547 0.095119 0.372302 1.308498 0.042939 0.139772 0.055595 0.075441 -0.008653 -0.132989 1.313435 0.139844 0.070419 -0.219863 0.037625 1.338833 -0.011056 -0.239733 0.081514 -0.079181 0.108614 -0.334645 -0.378958 -0.102294 -0.345775 0.047249 -0.146372 -0.118169 0.037625 1.338833 -0.011056 -0.239733 0.081514 -0.079181 0.108614 -0.334645 -0.378958 -0.102294 -0.345775 0.047249 -0.146372 -0.118169 -0.062333 3.269382 0.029668 0.137127 -0.121706 12.451586 -0.062333 3.269382 0.029668 0.137127 -0.121706 12.451586 0.000000 0.000000 -0.000000 0.000000 0.000000 -0.000000 0.000000 0.000000 0.000000 0.000000 0.000000 0.000000 0.000000 0.000000 0.000000 0.000000 0.000000 0.000000 0.000000 0.000000 0.000000 0.000000 0.000000 0.000000 0.000000 0.000000 0.000000 0.000000 0.000000 0.000000
3.903463 0.000000 0.082559 0.095119 0.372302 1.308474 0.042916 0.139772 0.055595 0.075441 -0.008665 -0.133001 1.313435 0.139844 0.070395 -0.219863 0.042243 1.341563 0.001026 -0.233096 0.098110 -0.078513 0.108990 -0.320420 -0.385333 -0.099695 -0.343217 0.063802 -0.145463 -0.120360 0.042243 1.341563 0.001026 -0.233096 0.098110 -0.078513 0.108990 -0.320420 -0.385333 -0.099695 -0.343217 0.063802 -0.145463 -0.120360 -0.050483 3.413876 -0.749477 0.087939 -0.114471 12.748995 -0.050483 3.413876 -0.749477 0.087939 -0.114471 12.748995 0.000000 0.000000 -0.000000 0.000000 0.000000 -0.000000 0.000000 0.000000 0.000000 0.000000 0.000000 0.000000 0.000000 0.000000 0.000000 0.000000 0.000000 0.000000 0.000000 0.000000 0.000000 0.000000 0.000000 0.000000 0.000000 0.000000 0.000000 0.000000 0.000000 0.000000
3.949691 0.000000 0.082559 0.095107 0.372266 1.308486 0.042916 0.139772 0.055595 0.075453 -0.008653 -0.132965 1.313447 0.139856 0.070419 -0.219863 0.055100 1.343322 0.023346 -0.240186 0.093355 -0.081454 0.109561 -0.327687 -0.393221 -0.110667 -0.347210 0.059080 -0.146218 -0.120243 0.055100 1.343322 0.023346 -0.240186 0.093355 -0.081454 0.109561 -0.327687 -0.393221 -0.110667 -0.347210 0.059080 -0.146218 -0.120243 -0.110899 3.237170 0.358174 0.113654 -0.147652 12.608846 -0.110899 3.237170 0.358174 0.113654 -0.147652 12.608846 0.000000 0.000000 -0.000000 0.000000 0.000000 -0.000000 0.000000 0.000000 0.000000 0.000000 0.000000 0.000000 0.000000 0.000000 0.000000 0.000000 0.000000 0.000000 0.000000 0.000000 0.000000 0.000000 0.000000 0.000000 0.000000 0.000000 0.000000 0.000000 0.000000 0.000000
4.000426 0.000000 0.082547 0.095119 0.372314 1.308474 0.042916 0.139772 0.055595 0.075465 -0.008665 -0.132977 1.313435 0.139844 0.070407 -0.219875 0.054864 1.339539 0.024742 -0.249704 0.105447 -0.077233 0.109057 -0.325368 -0.396542 -0.103698 -0.347756 0.055040 -0.149516 -0.123371 0.054864 1.339539 0.024742 -0.249704 0.105447 -0.077233 0.109057 -0.325368 -0.396542 -0.103698 -0.347756 0.055040 -0.149516 -0.123371 -0.151434 3.005451 1.665757 0.087611 -0.128638 12.970740 -0.151434 3.005451 1.665757 0.087611 -0.128638 12.970740 0.000000 0.000000 -0.000000 0.000000 0.000000 -0.000000 0.000000 0.000000 0.000000 0.000000 0.000000 0.000000 0.000000 0.000000 0.000000 0.000000 0.000000 0.000000 0.000000 0.000000 0.000000 0.000000 0.000000 0.000000 0.000000 0.000000 0.000000 0.000000 0.000000 0.000000
# 记录总帧数: 83
